[-0.65408231  0.07027649  0.01452846]
[-0.02657496  1.00503032  0.22187087]
[-0.70133587  1.00277731  0.2364262 ]
[-0.54655517  0.93830504  0.19826483]
[0.22973794 0.49739112 0.3983635 ]
[-0.82841933  0.88515587  0.20647643]
[0.22416787 0.94703188 0.2579232 ]
[ 0.1225623  0.2856754 -0.0171094]
[-0.38211346  0.66977402  0.22322277]
[0.03616471 0.78731758 0.52900042]
[-0.67326559  0.84836948  0.14936482]
[0.20400739 0.95990791 0.37531058]
[0.45330168 0.38971577 0.01883759]
[0.24915228 0.04309185 0.10057601]
[-0.36658906  0.59747986  0.01345733]
[-0.53460504  0.61482016  0.31772939]
[-0.72612446  0.88455233  0.53303276]
[-0.28201809  0.6139198   0.39138347]
[ 0.1242349   0.21050366 -0.03257311]
[-0.09372476  0.74688406  0.02073133]
[-0.64022634  0.51063295 -0.003185  ]
[-0.03797826  0.81334643  0.48880528]
[-0.54076476  0.29690551  0.33665276]
[0.39508245 0.65871481 0.06850066]
[-0.72368936  1.13250018  0.56710039]
[-0.54831508  0.88293885  0.2013681 ]
[-0.01655941  0.19187254  0.07481224]
[-0.05735332  0.31552071 -0.23177207]
[-0.14485706  0.60618299 -0.30075023]
[-0.61064757  0.64374401  0.50117319]
[-0.34080969  1.01722746  0.16847154]
[-0.41887299  0.79638355  0.00564294]
[-0.06691565  0.80365214  0.05647968]
[-0.22041733  0.82309549  0.30081293]
[0.15908611 0.72630783 0.13328871]
[0.15259509 0.9627258  0.33745378]
[0.19010695 0.21465435 0.00630667]
[0.23832293 0.24296388 0.53623019]
[-0.47636734  0.30841156  0.36161188]
[-0.09313106  0.81283994  0.01203834]
[0.13201796 0.21219397 0.53022564]
[-0.02973951  0.2634287   0.2781457 ]
[-0.31721385  0.43664682 -0.02107859]
[-0.17224536  1.59622918 -0.11087155]
[-0.54454625  0.4052364   0.02875503]
[-0.40929054  0.85189047  0.21040482]
[-0.49310658  0.97790766  0.142928  ]
[-0.85168288  0.73600755  0.33062682]
[0.05736356 0.52273952 0.24481708]
[-0.04595057  0.65336519  0.13103642]
[-0.43323892  0.8177685  -0.02671855]
[-0.28094842  0.41399618  0.31613747]
[0.0444936  0.29728701 0.65339231]
[-0.62185554  1.0636275   0.33548517]
[0.13329492 0.6905128  0.16877531]
[0.36845082 0.14108077 0.26942889]
[0.57567994 0.14862559 0.23482798]
[0.17571324 0.8254012  0.30579871]
[-0.6659167   0.62995079  0.15484851]
[0.25598786 0.23247176 0.38917834]
[0.48409174 0.44933513 0.20918103]
[-0.05586282  0.65469117  0.48011727]
[-0.19455496  0.650995    0.53389205]
[-0.5382033   1.01002553  0.4952275 ]
[-0.25089327  0.45973932  0.04274172]
[0.30978254 0.68067599 0.13884381]
[-0.48780415  1.38127655  0.08697705]
[0.06359813 0.28285566 0.55393825]
[0.26984573 0.38845672 0.25299426]
[-0.50079926  0.23338285  0.25823008]
[-0.80954293  0.82334306  0.18130373]
[0.10924988 0.59061122 0.28576743]
[0.604547   0.29334356 0.12019375]
[0.13347459 0.87563222 0.0120654 ]
[-0.1585721   0.34067892  0.2706405 ]
[0.18041648 0.29891179 0.47063918]
[0.51560848 0.17874202 0.04465183]
[0.41787277 0.29938656 0.31532198]
[-0.46889094  0.15225017  0.26833201]
[-0.28998846  0.39611449  0.29174932]
[-0.3852987   0.6487071  -0.15065164]
[-0.56966425  0.878414    0.27511949]
[0.28424228 0.49536983 0.36489238]
[-0.02707812  0.25486621  0.2671676 ]
[-0.31941558  0.4807573   0.30877322]
[-0.2794779   0.15321386  0.14421333]
[ 0.17768247  0.227424   -0.18629429]
[0.05439851 0.25965476 0.22440751]
[-0.71971911  0.5412156   0.34383486]
[-0.62826371  0.49519672  0.5163396 ]
[0.04795891 0.11769605 0.50055723]
[-0.02334698  1.01003132  0.03249881]
[-0.64869932  1.33751288 -0.34968533]
[0.00987111 0.43096761 0.62793843]
[-0.64358419  0.99005979  0.49507707]
[-0.4158106   0.41405009  0.42073854]
[-0.67220476  0.66055992  0.02951728]
[-0.16671623  0.56898953  0.16167764]
[-0.4371649   1.22049291  0.15506378]
[ 0.40225784  0.59770136 -0.04842059]
[-0.1134114   0.07851416  0.13967532]
[-0.25377076  0.30907464  0.27147277]
[-0.48357893  0.6907983   0.35838924]
[0.27107908 0.0966834  0.29288589]
[0.17009492 0.53796271 0.39876082]
[0.42416721 0.30628913 0.17376161]
[0.16589967 0.3105804  0.38464519]
[-0.24296338  0.3948668   0.20395364]
[0.47887493 0.70059863 0.10849566]
[-0.27001038  0.0986477   0.22080458]
[-0.57192638  0.99512303  0.20902702]
[-0.60780331  0.89157116  0.11752424]
[ 0.207705    0.32956616 -0.20967778]
[-0.0681469   0.95728069  0.27956189]
[-0.64810382  0.95536481  0.30719638]
[ 0.00949836  0.53538607 -0.19606108]
[-0.77244811  0.44993729  0.17581198]
[0.25007218 0.70329763 0.31291589]
[-0.24526753  0.51475977 -0.26054801]
[0.22488379 0.81334237 0.06309387]
[-0.47766128  0.25245852  0.12993361]
[-0.39182509  0.34765036 -0.0061565 ]
[ 0.38043008  0.71468768 -0.05463853]
[-0.81071597  1.09163456  0.5655732 ]
[-0.07614518  0.49586525  0.10758029]
[-0.26432873  0.4241339   0.28365485]
[-0.48545574  0.69572746  0.46576059]
[-0.55656218  0.42838913  0.27206768]
[ 0.05275609  0.55202942 -0.25677638]
[-0.69602785  1.22611276  0.21894765]
[0.25209308 0.97745495 0.18685384]
[0.24240997 0.88989824 0.0993984 ]
[-0.16172009  0.08493304 -0.01885944]
[-0.05267338  0.38030079  0.06099851]
[-0.30940062  0.1102825   0.00794285]
[-0.38800189  0.46807594  0.40825275]
[0.44533169 0.53117441 0.30891261]
[0.04942354 0.10812286 0.08951974]
[-0.32924091  0.57269954  0.48214205]
[-0.65300916  0.94799155  0.23562417]
[ 0.08955055  0.6601454  -0.02999641]
[-0.83462609  0.92817294  0.4711488 ]
[-0.1971585   0.78937078  0.4841174 ]
[-0.28528745  0.69238467  0.16299262]
[0.06902049 0.53333206 0.54318969]
[-0.15874947  0.60824117  0.45225815]
[-0.02713262  0.46091762  0.56358831]
[0.43111347 0.61246081 0.39804992]
[-0.18787768  0.43867089  0.18699229]
[-0.45452323  1.44455007  0.08487788]
[0.40106082 0.75693872 0.28644361]
[0.29680765 0.89890654 0.1912888 ]
[ 0.0800501   0.68347375 -0.09739485]
[0.42102358 0.57316761 0.4522101 ]
[0.35479844 0.22045032 0.15503838]
[-0.06344325  0.37083015  0.55706772]
[-0.65180128  1.01126688  0.15635807]
[-0.13504394  0.39464942 -0.14000307]
[-0.14412127  0.3936242   0.57091108]
[ 0.14286796  0.23891734 -0.04917956]
[0.09278609 0.20728505 0.30553947]
[-0.69206712  0.88848411  0.56960658]
[-0.15064265  0.39538303  0.40402064]
[0.25757957 0.11807339 0.45845913]
[-0.39165625  0.6257282   0.12632864]
[-0.4772438   0.81484451  0.07906536]
[-0.13786343  0.29706628  0.34306733]
[-0.00777081  0.62179961 -0.01603598]
[-0.33531432  0.44794876  0.35345346]
[-0.24132758  0.59638188  0.02922948]
[0.00365131 0.2180083  0.23120883]
[-0.54336666  0.89719182  0.25725189]
[-0.18733967  0.3446009  -0.0859425 ]
[-0.46279535  0.83318056  0.22428465]
[-0.73353404  1.47498883 -0.32182803]
[0.44617778 0.55934962 0.34959881]
[0.26610879 0.35506954 0.26912306]
[ 0.0153559   0.86627747 -0.10676597]
[0.27633886 0.11693468 0.47163373]
[0.14595339 0.44524776 0.23435207]
[-0.55625112  1.12318813  0.34205954]
[-0.11231805  1.55777948 -0.19105034]
[-0.06372454  1.54317635 -0.21893591]
[-0.1772327   0.16454452  0.11158234]
[-0.72208196  1.24318094 -0.02721034]
[-0.68054772  0.70091212  0.16926265]
[-0.35056472  0.84151291  0.04943891]
[0.09345865 0.77746755 0.50630677]
[0.16060093 0.66616426 0.52869208]
[-0.51554462  0.81365056  0.45226085]
[-0.57305547  1.02421824  0.17263045]
[-0.26391179  0.74069103  0.154661  ]
[0.24582975 0.88718263 0.05424485]
[-0.09466602  0.42171048 -0.12061195]
[-0.1680885   0.29014612  0.23660152]
[-0.0343567   0.74649306  0.42983901]
[-0.47837241  0.7575983   0.26252578]
[0.2200382  0.65597883 0.47967679]
[-0.55720186  0.85583246  0.28487374]
[0.32357495 0.81772414 0.22240556]
[-0.18166723  0.31823403  0.34840523]
[-0.0443484   0.33904474 -0.19374957]
[-0.32537998  0.64757654  0.24673418]
[-0.23557356  0.10059738  0.02498826]
[ 0.19876845  0.50034685 -0.12954263]
[-0.80556028  0.66016751  0.12640859]
[0.35891351 0.86723134 0.10620301]
[-0.22829366  0.83347677  0.2248835 ]
[0.41523666 0.38724582 0.35622865]
[-0.17961212  0.55454711  0.1989844 ]
[-0.78382942  1.1465132   0.32562714]
[0.05221317 0.34320074 0.46926856]
[0.62002342 0.38094205 0.2294767 ]
[-0.2116418   0.48063548  0.6207775 ]
[-0.71494136  0.6974544   0.08345569]
[0.11361551 0.57071453 0.50933886]
[ 0.15316174  0.7228615  -0.00722789]
[-0.11977367  0.10092935  0.01063552]
[-0.05421138  0.59747886  0.32289837]
[-0.20854219  0.27722007  0.25953843]
[ 0.25737916  0.58358707 -0.16378904]
[0.07716812 0.7383244  0.50107563]
[0.34640892 0.66416796 0.40854829]
[0.11471693 0.17567686 0.41822271]
[0.05080034 0.91998529 0.27275972]
[ 0.37033279  0.48747415 -0.08386549]
[0.27675671 0.64753098 0.31999903]
[-0.1453517   0.80597332 -0.06247442]
[0.16128162 0.54955706 0.02977623]
[-0.74029339  0.79036496  0.46393828]
[-0.8489823   0.59089823  0.28904769]
[-0.6260748   0.08675893  0.04042424]
[-0.62453876  1.06587648  0.10584566]
[-0.8443442   1.02646044  0.59882504]
[0.27122925 0.66640381 0.5480852 ]
[-0.58413951  0.92108276  0.36953666]
[0.25802462 0.6511366  0.43787429]
[-0.42032583  0.10080133  0.14236481]
[-0.42619444  0.43216829  0.18622598]
[-0.06745275  0.05844221  0.57101195]
[0.15523939 0.49698044 0.55527346]
[-0.81303899  1.24781486  0.36955175]
[-0.7530267   1.2620327   0.46643019]
[-0.03633833  0.8532597  -0.06686326]
[ 0.31564391  0.32530637 -0.14685637]
[-0.43014176  0.30706267  0.40694612]
[ 0.07391135  0.5935305  -0.22807219]
[-3.11270984e-04  3.59533936e-01  1.65185061e-01]
[-0.29330858  0.76110555  0.31848795]
[-0.23425212  0.48365341 -0.26224923]
[-0.59452246  0.83320323  0.45524872]
[0.15987433 0.84633811 0.3351746 ]
[-0.76533159  0.62278217  0.37090096]
[0.04283782 0.43149934 0.01244511]
[-0.24702757  0.48653511 -0.25821875]
[-0.05347912  0.27670422 -0.11381395]
[-0.91785128  0.95859263  0.25108941]
[-0.21113862  0.15123423 -0.03177735]
[-0.17042076  0.88753894  0.07761572]
[0.3367323  0.46889843 0.41979301]
[-0.26600503  0.12819068  0.50613711]
[-0.02231114  0.64258687  0.18839157]
[-0.00279348  0.48189757 -0.02849537]
[-0.39308298  0.44804502  0.27864769]
[0.58558067 0.23641901 0.32258504]
[ 0.27615462  0.52243954 -0.05696239]
[-0.03663486  0.54537488  0.36621714]
[0.17777598 0.5615299  0.57439296]
[-0.16474532  0.78520397  0.02781467]
[0.07989943 0.86788226 0.00557107]
[-0.66043917  0.54111687  0.18967936]
[-0.10058577  1.57498487 -0.18222005]
[-0.25444577  0.41591157  0.2744745 ]
[0.17542754 0.52455257 0.08936824]
[-0.05923155  0.85204578  0.18979342]
[-0.27940334  0.21057153 -0.01065597]
[-0.14023177  0.44245043  0.19155415]
[-0.2755352   0.21441848  0.32250302]
[-0.83272294  0.82715589  0.12137913]
[ 0.18882364  0.83735724 -0.003046  ]
[-0.35304092  0.27216798  0.23528612]
[-0.6476998   1.24814567  0.16193296]
[-0.41865079  0.14306322  0.15298334]
[-0.54297025  0.45272247  0.10243185]
[-0.21478992  0.75945     0.3022103 ]
[-0.57231121  0.52984786  0.10644291]
[-0.85265905  0.86810599  0.3342869 ]
[0.07737009 0.57939899 0.54532743]
[-0.3567414   0.96747186  0.210145  ]
[-0.7527349   0.75325887 -0.00938423]
[-0.59259005  1.08037147  0.05245986]
[-0.57103057  0.82430728  0.32908857]
[-0.84492907  1.18329645  0.43622159]
[-0.14101946  0.66533809  0.38416319]
[-0.54662065  0.1338405   0.36132671]
[-0.64152629  0.1041149   0.35610811]
[0.36226297 0.60785922 0.47667877]
[0.33442266 0.37683827 0.28504838]
[-0.02148371  0.23655759  0.44576503]
[0.24603374 0.91393001 0.21697975]
[-0.72685674  0.86704116  0.48172875]
[-0.50262388  0.61681354  0.38320388]
[-0.23208478  0.46858636  0.09231635]
[0.3141517  0.1292082  0.10112562]
[-0.08060232  0.29936093 -0.0056283 ]
[0.12522615 1.0089698  0.20875311]
[-0.6781815   1.11024494  0.37700958]
[-0.37710736  0.43930412  0.3148741 ]
[-0.03502404  0.46858198  0.44968054]
[-0.10398275  0.20272277  0.36539223]
[-0.81712532  1.14602085  0.30361008]
[-0.80319924  0.6125709  -0.00773584]
[-0.61417994  1.00533573  0.32423143]
[-0.34426495  0.51073959  0.02685079]
[-0.28996671  0.14539138  0.24222372]
[-0.02115368  0.34978336 -0.07772149]
[-0.12487239  0.12205285  0.40878715]
[0.00154598 0.45567996 0.62231102]
[-0.02173065  0.48940104 -0.15061248]
[-0.43541708  0.52715498  0.11008832]
[-0.28877897  0.32196196  0.0550696 ]
[-0.5331515   0.29902744  0.35110176]
[-0.12495382  0.44376768  0.40497717]
[-0.45916328  0.53381866  0.34420949]
[-0.44884083  0.12801481  0.49524955]
[ 0.01401899  0.60460084 -0.29316191]
[-0.52461173  0.70581558 -0.02729708]
[0.39769433 0.43122163 0.07030293]
[0.11832558 0.93910236 0.16958768]
[0.27573612 0.1726651  0.07826164]
[0.0494348  0.69967103 0.56198206]
[-0.73494578  0.90614419  0.41269226]
[-0.6765677   0.95506278  0.26787574]
[-0.38357534  0.48059244  0.14944106]
[0.21064195 0.70259909 0.30619003]
[0.13034692 0.31660007 0.57183838]
[0.08000249 0.41274276 0.57104834]
[-0.2346538   0.32406371  0.31014028]
[0.02799925 0.56794371 0.5660691 ]
[-0.22877464  0.29558615  0.0152129 ]
[-0.62978003  0.92201371  0.4410342 ]
[-0.16537503  0.59825836  0.47728174]
[-0.12889682  0.79701912  0.44714706]
[-0.65235015  1.37754523 -0.23797287]
[0.4845394  0.20638108 0.01322457]
[0.09744894 0.08378452 0.17159743]
[-0.43592252  0.5351721   0.44997539]
[-0.43262137  0.91533998  0.02263319]
[0.19743697 0.62887565 0.55522659]
[0.33660556 0.61601838 0.51927293]
[-0.44895307  0.07351819 -0.05660303]
[0.23871905 0.30395861 0.27244488]
[-0.00175757  0.52339772  0.48775566]
[ 0.42053335  0.17011449 -0.01177438]
[-0.40073604  0.06586245  0.12043392]
[-0.32237666  0.36889857  0.45993028]
[-0.33622339  0.5737606   0.40332936]
[-0.46109017  0.72863445  0.10183898]
[-0.41995492  0.06798583  0.38821502]
[ 0.11919393  0.50986905 -0.12702195]
[0.0772738  0.55541896 0.02301392]
[0.11642221 0.36134028 0.1324938 ]
[-0.53978665  0.97918198  0.44764992]
[-0.29016107  0.97179127  0.22499151]
[0.46501235 0.12931437 0.07950579]
[-0.69609049  1.40851519 -0.38855919]
[-0.55042367  0.47633474  0.12095959]
[-0.39520159  1.3972125   0.10998105]
[0.42558557 0.61921244 0.03824477]
[0.13781018 0.14646668 0.23050107]
[-0.75935988  0.87845741  0.27825651]
[-0.00886001  0.39526817  0.03029713]
[-0.2824665   0.84497561  0.11279822]
[ 0.10777004  0.11010282 -0.18196349]
[-0.5978776   0.4297401   0.12670391]
[ 0.27660144  0.66387977 -0.1388234 ]
[0.28731563 0.64800132 0.51380811]
[-0.90523927  1.12741658  0.33440491]
[-0.32850012  0.78201928  0.37382191]
[-0.15260405  0.89229364 -0.08575572]
[-0.60439689  0.40661526  0.23503406]
[-0.39458926  0.60251528 -0.03701638]
[-0.5449128   0.1615415   0.17596415]
[-0.13787538  0.22570921 -0.01738981]
[0.1791741 0.6169168 0.1015124]
[0.28481724 0.05441777 0.20111033]
[-0.34966684  0.81486139  0.31878394]
[0.15997189 0.05095441 0.36836182]
[-0.75767292  1.22200157  0.33961587]
[0.14965241 0.08133531 0.47086188]
[-0.53673841  0.56052286  0.29481094]
[0.30594038 0.54183514 0.32148427]
[0.51477795 0.14566514 0.3316331 ]
[0.16734527 0.58375021 0.49170252]
[ 0.08969185  0.67086094 -0.17886469]
[-0.58524217  0.93512104  0.48316843]
[-0.21568923  0.40385901  0.18355968]
[0.3801944  0.35730342 0.26871858]
[-0.20425625  0.51493798  0.14245965]
[-0.82493915  0.49959287  0.24143848]
[-0.69481883  1.35810987 -0.11011298]
[-0.51923394  1.27175953  0.31767807]
[-0.47382936  0.15981503  0.03783176]
[-0.68497014  1.37873403 -0.10277317]
[ 0.07075391  0.06532814 -0.15000669]
[0.42008944 0.66150515 0.36698686]
[-0.37531338  0.09506068  0.36501641]
[-0.07437442  0.47479679  0.45826834]
[-0.48293777  0.83210587  0.02376659]
[0.22037291 0.4433969  0.04219873]
[0.22939983 0.30256236 0.13908382]
[-0.61259662  0.3967754   0.32782322]
[0.23625248 0.41706934 0.08403835]
[ 0.2930426   0.27811029 -0.00124701]
[-0.31060762  0.89871328  0.1340201 ]
[-0.20958734  0.28272204  0.01830458]
[-0.06336845  0.52735145  0.58927263]
[-0.58533254  0.86932404  0.07633214]
[ 0.20213481  0.15065244 -0.09337094]
[ 0.36003907  0.36088805 -0.00695907]
[0.28232927 0.23515168 0.24450807]
[-0.11510331  1.02632678  0.2444361 ]
[ 0.20512983  0.28404649 -0.18067546]
[-0.16510588  0.13067966 -0.12693747]
[-0.7025037   1.1997183   0.25354886]
[-0.72031399  0.10416617  0.12492554]
[-0.6937246   0.72872963  0.33017726]
[0.03003973 0.57223942 0.39132044]
[0.15230379 0.44171065 0.2930766 ]
[-0.26625057  0.80149806  0.13036556]
[0.26454439 0.51696399 0.58168053]
[0.32171948 0.60389376 0.45040029]
[-0.41331298  0.16217566 -0.10951609]
[ 0.21638462  0.74767734 -0.06885775]
[-0.04164599  0.33803742  0.17533067]
[0.18493469 0.57381214 0.58607668]
[-0.61753369  0.65610292  0.00459861]
[-0.5976337   1.24136136  0.41718315]
[-0.18785363  0.15480404  0.2148856 ]
[-0.52512906  1.03178522  0.29220049]
[-0.42995877  0.07633081  0.27345529]
[0.14809964 0.59563753 0.4396493 ]
[0.20740932 0.41224606 0.34285386]
[0.26668727 0.47555111 0.09138326]
[0.03025925 0.57490868 0.30441798]
[-0.03933545  0.94901467  0.2823054 ]
[0.21703188 0.88687286 0.13750489]
[-0.16748643  0.49732426  0.53610059]
[-0.4412624   0.35587557  0.27507682]
[-0.08606079  0.49709592 -0.18352796]
[-0.29715691  0.31458376  0.43621425]
[0.37975659 0.87997635 0.24188728]
[0.51807659 0.22789427 0.25607557]
[-0.694002    0.38921742  0.37858778]
[-0.30341233  0.57075937  0.35471666]
[-0.04296802  0.6770875  -0.07150295]
[-0.2645284   0.50124482  0.26707112]
[0.09104024 0.27832085 0.335054  ]
[-0.75188873  0.89792908  0.37158116]
[0.14859972 0.50264789 0.01591715]
[-0.89521153  0.93015657  0.42126733]
[-0.4029965   0.66107816  0.4886965 ]
[-0.14494258  0.1562506  -0.21060011]
[-0.56917634  0.17319741  0.09833027]
[-0.09266888  0.73302855  0.48684199]
[-0.05371145  0.29556916 -0.20484978]
[-0.23184978  0.11734355  0.2255353 ]
[-0.04724385  0.20374308  0.41482699]
[-0.17824367  0.45428465 -0.12610197]
[-0.03746406  0.51629581  0.30425868]
[0.02743253 0.77658668 0.17738322]
[0.38797452 0.30889651 0.02648299]
[-0.02363041  0.67801364  0.04616082]
[0.17666231 0.46833003 0.37502534]
[-0.33007333  0.94124204  0.00473431]
[-0.19628162  0.53218282  0.18252098]
[-0.58808135  0.38855094  0.24757684]
[0.01109506 0.37836932 0.30392469]
[-0.53223205  0.22117366  0.19208406]
[-0.35126165  0.03454873  0.22645377]
[-0.72957863  1.24099287  0.28737345]
[ 0.07171711  0.83448925 -0.06360973]
[ 0.17534488  0.47441089 -0.06218356]
[-0.26712569  0.24093122 -0.19873004]
[-0.00335102  0.47547628 -0.24375971]
[0.28135525 0.26911952 0.4489481 ]
[0.10336955 0.16784854 0.5645998 ]
[ 0.04457156  0.09684417 -0.04455861]
[-0.52908111  0.97499769  0.02910424]
[-0.66081983  1.26569861  0.28910825]
[0.19258627 0.78101325 0.05934694]
[-0.73857798  1.50124475 -0.30177617]
[-6.90354366e-01  1.35390673e+00  1.11883683e-03]
[0.31611287 0.45987934 0.22786288]
[-0.25866857  0.57002934 -0.19146386]
[0.07911886 0.60508333 0.31502201]
[0.26015331 0.16801205 0.07264991]
[0.2083206  0.68807393 0.36899343]
[0.52289796 0.35235525 0.08700185]
[0.25213445 0.39046635 0.00104488]
[0.61448089 0.29018755 0.10759457]
[ 0.06884687  0.47031618 -0.28264584]
[-0.4318694   0.8427708  -0.09049365]
[-0.58948569  0.17762672  0.16073639]
[ 0.04205485  0.09214139 -0.15377126]
[0.27884534 0.79239361 0.23622803]
[0.14437829 0.59850061 0.36882883]
[-0.35519096  0.42885175  0.35620733]
[0.23036542 0.25083966 0.24553523]
[0.29120942 0.11441957 0.4403588 ]
[0.03997527 0.85533488 0.49982547]
[-0.02412606  0.05526895  0.54368015]
[0.1851915  0.75651786 0.19387103]
[-0.04068929  0.22542834  0.59695474]
[-0.18207944  0.3794947  -0.27980717]
[-0.14663463  0.69422027  0.4418277 ]
[0.18756061 0.93673141 0.02987222]
[0.24112048 0.28050374 0.23563325]
[-0.15298885  0.68089468  0.2451176 ]
[-0.44475809  0.37608335  0.04633578]
[-0.88174081  1.08826911  0.3392506 ]
[-0.60170947  0.49412872 -0.02751887]
[-0.65230741  1.15658857  0.49001089]
[-0.56952757  0.82205777  0.48145604]
[-0.2746368   0.69523458  0.35076478]
[0.05459825 0.54044336 0.3794211 ]
[-0.6914747   0.48623059  0.47934314]
[-0.0902307   0.16465759  0.5404309 ]
[0.0930134  0.95214654 0.37212929]
[0.41677961 0.20677308 0.25607843]
[0.15478599 0.24681659 0.39130475]
[-0.64555999  1.1891769   0.40579427]
[-0.30816964  0.45818963  0.10141735]
[-0.44615483  0.35490555 -0.04033827]
[-0.55261732  0.36477449  0.32527979]
[-0.70476941  0.58089474  0.22886698]
[0.03246723 0.78163601 0.52849809]
[-0.15097415  0.12260931 -0.14640708]
[-0.61246001  0.11485291  0.01802619]
[-0.45677335  0.88840451  0.2831385 ]
[-0.73461269  1.11234026  0.54664667]
[-0.44961501  0.84301193  0.06978179]
[-0.55055265  0.38918476  0.21588812]
[-0.2219047   0.51847532  0.36698694]
[0.04428408 0.64017672 0.50564583]
[-0.46229964  0.45437187 -0.00917725]
[0.14905878 0.86996966 0.18045415]
[0.03548352 0.22784979 0.35649498]
[-0.28466652  0.4321465  -0.26586213]
[-0.04966108  0.08997342 -0.04201592]
[-0.21559441  0.44350307 -0.02446122]
[-0.16090265  0.3737727  -0.21477481]
[-0.24984683  0.81169053  0.08839097]
[-0.79350868  1.02458712  0.51780348]
[0.17430513 0.4813747  0.32205819]
[0.1092019  0.20231938 0.38381885]
[0.39445622 0.49596557 0.13715163]
[-0.68979196  1.31575334  0.02255628]
[-0.00187051  0.42609488 -0.09252918]
[-0.84725395  1.1530734   0.3950751 ]
[-0.6919656   0.07742831  0.13713013]
[-0.50533145  0.25421376  0.03343592]
[-0.51880495  0.64193085  0.19984348]
[0.24099907 0.17082072 0.40743271]
[-0.01525035  0.62540632 -0.10646633]
[-0.40051649  0.69831971  0.18116032]
[-0.36300166  0.36075606  0.4140727 ]
[-0.30592763  0.86408928  0.04355703]
[-0.28517496  0.72946569  0.44429599]
[0.02053123 0.23583399 0.30938386]
[ 0.24562276  0.87676895 -0.03423146]
[0.043727   1.02110758 0.12348172]
[0.25552191 0.59592833 0.54964032]
[-0.51104918  0.12193203  0.31817655]
[-0.83638829  0.87459385  0.22567809]
[-0.2714647   0.41536511 -0.22120778]
[-0.74295632  0.97961087  0.37818378]
[-0.69778867  1.282114   -0.03834403]
[-0.48009746  0.38923333  0.0319144 ]
[-0.04397775  0.31043287  0.26425851]
[-0.53990959  1.17294164  0.27659375]
[-0.09868154  0.46360074  0.02104936]
[0.16371649 0.43070604 0.18562345]
[-0.16678774  0.11917861  0.34444959]
[-0.71748122  0.94965584  0.24624342]
[-0.14914907  0.55319725  0.52465288]
[-0.03129501  0.29973696  0.43165692]
[-0.08565211  0.64461845  0.6120887 ]
[0.00738299 0.81373625 0.47861651]
[0.06811873 0.65757723 0.42550431]
[0.51771909 0.40283918 0.25297149]
[-0.22395241  0.92149338 -0.04500494]
[-0.12961333  0.40787867  0.20546815]
[-0.23428561  0.51563585 -0.0555325 ]
[-0.15257891  0.12650254 -0.14449911]
[-0.48144181  0.43119194  0.36082153]
[-0.78158682  1.21147202  0.53273115]
[-0.06787905  0.78360042  0.51270719]
[0.27999171 0.07983855 0.22919689]
[-0.12653565  0.57271384 -0.22578263]
[-0.04947192  0.66348758  0.44483437]
[-0.24715327  0.19053895  0.34353009]
[-0.77540968  0.60319568 -0.02564871]
[-0.75145052  0.46952666  0.32823689]
[-0.70598292  1.35191952  0.04323701]
[0.34950182 0.37412994 0.09021311]
[-0.16357003  0.34581217  0.44218562]
[0.30831435 0.58885109 0.35209755]
[-0.66717893  0.09619316  0.19155744]
[-0.21079826  0.39222884  0.19955488]
[0.20708322 0.08615897 0.32192281]
[-0.63272833  1.13701649  0.27464724]
[-0.60444465  1.26548512  0.2480631 ]
[-0.38273907  0.30977632  0.28488189]
[0.34670248 0.29906744 0.08406597]
[-0.73434722  1.01049156  0.09959092]
[ 0.1972368   0.36656392 -0.18467122]
[0.16907063 0.6367869  0.2254764 ]
[ 0.10584894  0.36099374 -0.08511252]
[-0.6585521   0.55641554  0.39797967]
[-0.23051989  0.58589591  0.11585713]
[-0.7948711   1.04528617  0.14283456]
[-0.54328694  0.46209032 -0.05446883]
[-0.24248232  0.58385072  0.16498936]
[0.11818103 0.47817799 0.20065841]
[0.10690165 0.71144282 0.2341362 ]
[-0.6799225   0.59462686  0.21450533]
[-0.66163035  1.15754783  0.42178927]
[-0.53854861  0.2465744   0.15424418]
[0.46015857 0.71625819 0.22688059]
[-0.07527695  0.7042097   0.12354116]
[ 0.06386699  0.74412306 -0.0545243 ]
[-0.19132169  1.60099116 -0.07941259]
[-0.56239326  0.84531193  0.02581263]
[-0.57747577  1.33224819  0.15742773]
[-0.60842139  0.89294702  0.16509927]
[-0.30360647  0.72659318 -0.10872302]
[0.31002361 0.12072382 0.33020151]
[ 0.04265429  0.65148841 -0.03389342]
[-0.64056018  0.07409051  0.02558537]
[0.33154113 0.69131391 0.06642376]
[-0.43923747  0.18409342  0.1161362 ]
[-0.06458473  0.49480224 -0.26580955]
[0.36094332 0.24745397 0.27013262]
[-0.57745603  0.08307266  0.3608332 ]
[0.32748463 0.93511674 0.21789199]
[0.24872409 0.88096159 0.0136579 ]
[0.41088441 0.63087316 0.08752811]
[-0.3158198  0.653465   0.1884298]
[0.49281727 0.26446445 0.37926577]
[0.28566951 0.36015349 0.34460851]
[ 0.1739755   0.48030231 -0.07294651]
[-0.0977308   0.34245166 -0.14033601]
[0.05959619 0.11672516 0.45110613]
[0.33705337 0.31810835 0.0304622 ]
[-0.10986843  0.26780424  0.25131646]
[-0.75842139  1.23960846  0.24847972]
[-0.49835792  0.30038277  0.02637396]
[-0.79423772  1.25806506  0.21710056]
[-0.74081671  0.85094577  0.46618697]
[0.04454387 0.93568065 0.12667453]
[-0.70915037  1.08447441  0.49112141]
[0.17185688 0.83224247 0.38989422]
[-0.36351401  0.12560713  0.44588397]
[-0.82363593  0.67078991  0.30156385]
[-0.10689974  0.30886575  0.13433954]
[0.52587045 0.17875739 0.18876944]
[-0.23218035  0.7686483   0.17142711]
[-0.76210016  1.09639172  0.42007921]
[-0.3093754   0.07692669 -0.22185764]
[-0.39031894  0.29656332  0.44244864]
[-0.78805256  0.8852707   0.51539712]
[-0.49577678  0.7450736   0.20035103]
[0.11046191 0.51735143 0.06615201]
[-0.33552287  0.70521395  0.43613372]
[ 0.06009591  0.55125124 -0.00875429]
[0.29020476 0.86000999 0.34298391]
[-0.56046894  1.09049074  0.30404785]
[-0.19815377  0.45826717  0.46541696]
[0.02865411 0.57708732 0.43810951]
[-0.23213604  0.70022004  0.10159268]
[0.25098099 0.64883716 0.55397722]
[0.08248711 0.86674553 0.14730742]
[0.23610948 0.37605083 0.12166092]
[-0.75181919  0.73968773  0.30928238]
[-0.5645447   0.0783316   0.38463244]
[-0.38074715  1.46116391 -0.0076798 ]
[-0.61253017  0.78393557  0.17441417]
[-0.52142459  0.63385263 -0.00142234]
[-0.33391513  0.47362414 -0.01137146]
[-0.13834964  0.24698153 -0.22940973]
[-0.14700827  0.80679105  0.15904415]
[-0.38294542  0.91696884  0.02627622]
[-0.78292915  0.89576482  0.21936867]
[-0.39295449  0.20269389  0.12012476]
[-0.18962942  0.74955562  0.51349566]
[0.10719504 0.28718744 0.4963984 ]
[-0.48328414  0.62295233  0.37988741]
[0.02593128 0.20887854 0.2255122 ]
[-0.53641813  0.4488746   0.18602611]
[0.26545775 0.77562588 0.27802125]
[-0.46288211  0.26014937  0.34288019]
[-0.51099275  0.76865861  0.03271781]
[0.00377497 0.54899283 0.58908957]
[0.0869189  0.60012352 0.17902847]
[-0.59237931  0.38838073  0.42475219]
[0.28202617 0.65360018 0.54609493]
[-0.00270621  0.06683664  0.10304977]
[-0.05752039  0.12213525  0.04133797]
[0.14225665 0.07313537 0.51676246]
[-0.49405779  0.58195125  0.53519031]
[-0.79502578  1.14397167  0.56861822]
[-0.31478312  0.21325616  0.08252973]
[-0.22826305  0.28923003  0.34687764]
[-0.60433291  0.98099486  0.24664357]
[-0.55991278  1.17637326  0.22912076]
[-0.31642527  0.61641583  0.23715081]
[-0.10568386  0.23960345  0.0206389 ]
[-0.46031016  0.40871022  0.22310262]
[-0.03214359  0.56330538  0.45103365]
[-0.36805738  0.58781327  0.33479692]
[-0.10414896  0.74670819 -0.00495569]
[-0.79840383  0.69732202  0.4524024 ]
[-0.71046714  0.92809519  0.53860443]
[0.0230155  0.06199363 0.09277957]
[-0.50719119  0.46315164  0.13092176]
[-0.5011723   0.47769161  0.47388115]
[0.28512326 0.2176645  0.38000429]
[-0.60051166  0.50814847  0.44917384]
[-0.61071774  1.03254746  0.1465347 ]
[-0.78238265  1.23194843  0.51385365]
[-0.06287977  0.72306586  0.00859373]
[-0.6158199   0.83004104  0.29291071]
[0.0349086  0.28634412 0.62697336]
[-0.52880711  0.47347369  0.21806378]
[-0.50072829  0.51875706  0.12189076]
[-0.00555715  0.1604471   0.16997526]
[-0.2848559   0.42483328 -0.04527981]
[ 0.05406483  0.24905664 -0.11210549]
[-0.33931365  0.19016776  0.17500098]
[-0.08862391  0.8493095  -0.04197097]
[-0.34661895  0.68192789  0.21282273]
[-0.12967553  0.61202274 -0.02741563]
[0.03541189 0.21214392 0.19321366]
[-0.83012057  1.28061508  0.26836595]
[-0.39806663  0.74386876  0.08648195]
[0.18750354 0.24932362 0.32242273]
[0.39679036 0.21892366 0.10469114]
[-0.39488984  0.46785946 -0.01135081]
[0.28378758 0.44057274 0.366969  ]
[-0.82367407  0.63165341  0.2336618 ]
[-0.11290697  0.5859762   0.3659442 ]
[-0.77103532  0.60889252  0.28862404]
[0.08934442 0.26303732 0.00298492]
[-0.58237272  0.80072058  0.40709621]
[ 0.04191951  0.54660021 -0.25848387]
[-0.43750091  0.64069478 -0.09005846]
[-0.28304361  0.40046461 -0.0627097 ]
[-0.48871059  1.28898395  0.18179111]
[-0.58569622  0.0481293  -0.01764453]
[-0.63424538  0.63645945 -0.09309368]
[0.12826599 0.96402819 0.21061498]
[-0.2582733   0.06150552 -0.16651251]
[-0.10757069  0.23957005  0.34906061]
[-0.7110896   1.11966529  0.37634938]
[-0.39135697  0.58600831 -0.07148748]
[-0.10162964  0.08956177  0.45786938]
[ 0.09712634  0.0898948  -0.13533375]
[-0.70358003  0.67715366  0.45616431]
[-0.64093009  1.19173406  0.23336652]
[-0.09134528  0.4468344  -0.30113707]
[-0.47189534  0.69436521  0.49283987]
[0.11750156 0.76812891 0.28609478]
[0.01877735 0.39857885 0.22037526]
[-0.50587253  0.29586689  0.34912936]
[-0.6778447   0.70074706  0.21180966]
[0.39628256 0.23985083 0.11449117]
[-0.68284399  0.55090787  0.04445453]
[-0.54347702  0.78385518  0.33622354]
[ 0.27320205  0.62893769 -0.06635587]
[-0.20544472  0.89761445  0.36001546]
[0.12075594 0.24533773 0.34478903]
[-0.40395457  0.8145395  -0.04192322]
[-0.66512118  0.84986267  0.0328942 ]
[-0.2113532   0.36485767  0.13841248]
[-0.19132597  0.19171059 -0.00722302]
[-0.02267962  0.26380191  0.57427888]
[-0.09522673  0.42014625  0.30480639]
[0.16740999 0.52887866 0.43370408]
[0.38662486 0.21942642 0.37343473]
[-0.01183953  0.9466839   0.27326065]
[0.03211161 0.74899815 0.16129553]
[-0.68354674  1.07739814  0.10186038]
[-0.7821279   0.82877442  0.15522463]
[-0.00396152  0.10671199  0.21638627]
[0.11817684 0.06207428 0.44015891]
[-0.51985004  1.03871044  0.15252007]
[-0.40445126  0.65833651  0.43843182]
[-0.7162948   0.83621071  0.34758246]
[-0.59237955  1.21666057  0.12993706]
[-0.27509413  0.62062438 -0.07028282]
[0.41098445 0.42418064 0.06905009]
[-0.42377512  0.52743443  0.29216824]
[-0.144657    0.71969427  0.37767192]
[-0.84411955  0.94631279  0.42982108]
[ 0.11764228  0.49256464 -0.03609235]
[-0.64716315  1.54823045 -0.52888547]
[0.1146033  0.29154743 0.41674549]
[-0.11116969  0.07018903  0.56477034]
[-0.28095188  0.78550094  0.19588102]
[0.07832059 0.51442389 0.19784485]
[-0.68561217  0.44209225  0.01241688]
[-0.60418914  0.35810692  0.04079564]
[-0.09116529  0.59901134 -0.27052014]
[-0.18169046  0.32858017 -0.17896217]
[0.34066315 0.33692383 0.06766905]
[-0.49755153  0.65179468  0.02562504]
[0.05833492 0.50545168 0.31192398]
[-0.44168538  1.31859933  0.12713581]
[-0.3773096   0.62418263  0.2912594 ]
[-0.63982753  1.14386867  0.28543982]
[0.19148908 0.99939439 0.14954027]
[-0.07535999  0.67525957  0.45019965]
[-0.57050415  0.161435    0.50871843]
[0.29557804 0.4386092  0.49646807]
[-0.79193683  0.89440403  0.37366377]
[0.28576521 0.07620703 0.34877155]
[0.34540766 0.90330359 0.24473495]
[0.20465289 0.36981236 0.10402919]
[-0.0292867   0.42777079  0.38009759]
[-0.47232993  0.06938629  0.42431034]
[-0.5572459   0.0993841   0.34677955]
[-0.0329065   0.17627291 -0.10288954]
[-0.22882662  0.62186163 -0.11802615]
[0.18489009 0.09841457 0.25087216]
[-0.52407617  0.46105005  0.03419972]
[-0.09708627  0.55249525  0.0702283 ]
[-0.65273629  0.08862952  0.21663211]
[-0.5651118   0.98178255  0.07312242]
[-0.44367522  0.77365374  0.11472701]
[0.05240837 0.18340969 0.2610917 ]
[-0.42722812  0.66328944  0.5179421 ]
[0.25269301 0.22178747 0.02257161]
[-0.48982567  1.00344425  0.2010994 ]
[-0.67852876  0.91072926  0.14615123]
[-0.10465154  0.61583797  0.60249893]
[-0.14242606  0.84895825  0.15206035]
[-0.23927081  0.62384711  0.2687745 ]
[-0.27134027  0.61951329  0.50446935]
[-0.01889852  0.64218604  0.34725901]
[-0.70544817  1.11346185  0.12542993]
[-0.68090864  0.96734836  0.16568328]
[-0.55557061  0.85173087  0.12981132]
[-0.77549557  1.00102125  0.56789816]
[-0.10439944  1.45469152 -0.15466358]
[-0.26439841  0.69762291  0.36819059]
[0.13462143 0.37144677 0.42619905]
[-0.17976352  0.96981398  0.09591447]
[0.33088609 0.67195127 0.47799192]
[-0.38721818  0.09274913 -0.04775246]
[-0.09532733  0.33906567 -0.18104427]
[-0.57863645  0.54052197  0.11378367]
[-0.50576664  0.14239215  0.26367257]
[0.3521283  0.62089896 0.20108253]
[-0.32218141  0.43084621  0.48114462]
[-0.13321494  0.67639189 -0.15559387]
[-0.22933014  0.04214696  0.56398868]
[ 0.1716612   0.72706968 -0.02812927]
[-0.77340337  0.58505072  0.44343361]
[-0.14535813  0.87167304  0.30108084]
[-0.61741502  1.09415138  0.38996541]
[-0.44271941  0.42848314  0.06558909]
[ 0.2041033   0.40271281 -0.01695182]
[-0.10668512  0.08967524  0.41098416]
[0.13091162 0.94840416 0.19584127]
[0.34623872 0.5823877  0.51514326]
[0.09055277 0.44364478 0.28349603]
[ 0.27184846  0.18175019 -0.10960021]
[-0.59354634  0.17100689  0.20244013]
[-0.54579941  0.68534533  0.00176095]
[-0.29335184  0.85689854  0.09452886]
[0.26870685 0.73593137 0.05845318]
[-0.56180956  0.79335864  0.15482746]
[-0.55770714  0.79398376 -0.01820065]
[-0.50536792  0.39342808  0.17104253]
[0.22944134 0.38176792 0.27221664]
[-0.46647369  0.67000273  0.34681963]
[-0.75427055  1.01005764  0.57173542]
[-0.61895153  0.83991377  0.21819619]
[0.32117505 0.4980116  0.52030863]
[-0.22290646  0.57351089 -0.13543663]
[-0.53682078  0.68735192  0.31638277]
[-0.44758555  0.78139873  0.23275605]
[-0.31509148  0.5109795  -0.05235427]
[-0.47835512  0.04128011  0.0265588 ]
[0.52600642 0.29223644 0.03063497]
[ 0.12413829  0.30229081 -0.23756194]
[-0.34735176  0.77814878  0.21947457]
[-0.22935746  0.58626899 -0.19564182]
[-0.22476098  0.61755791  0.17998266]
[-0.33670026  0.28617733  0.42511894]
[-0.45179158  0.76039382  0.20216459]
[-0.39462839  0.19884283  0.23084043]
[-0.81120012  0.94763153  0.49248248]
[-0.26907548  0.31370204  0.20754117]
[-0.29756273  0.12794863  0.27364781]
[0.13389531 0.55825647 0.5909808 ]
[-0.27940261  1.49265776  0.01308408]
[-0.62247163  0.07153764  0.38508193]
[0.04603597 0.29163702 0.09769421]
[-0.18737437  0.56332806  0.26938854]
[-0.05472067  0.49117038  0.66256616]
[-0.36194598  0.67245191 -0.12741015]
[-0.16848334  0.43293378  0.49247853]
[-0.75684984  0.63321954  0.16619965]
[0.12127593 0.68409349 0.45198897]
[-0.12901447  0.57740374 -0.1537789 ]
[0.20513012 0.6699649  0.44795674]
[0.10893964 0.21119587 0.57448386]
[-0.2246385   0.34639751 -0.28032215]
[-0.38645682  0.78351591  0.25008049]
[0.19700586 0.49920681 0.06629209]
[-0.499851    0.56718213  0.15369576]
[-0.17722442  0.21019428  0.36404348]
[-0.50559206  1.02912094  0.07428315]
[-0.50049762  0.4279677   0.44778331]
[-0.73542115  0.53063638  0.13767741]
[ 0.02736383  0.40200982 -0.17255062]
[0.23465725 0.28937771 0.38556029]
[-0.6379135   0.88725917  0.57543363]
[-0.71463407  0.61018332 -0.06545251]
[0.10985728 0.35555703 0.26311325]
[ 0.00667118  0.15038313 -0.03671253]
[-0.65135444  0.42671988  0.33809721]
[0.21466347 0.03406508 0.12574756]
[-0.12792112  0.34599696  0.18929847]
[-0.17075444  0.9178678   0.30595083]
[-0.46601225  0.97751828  0.10401123]
[0.45726781 0.42897278 0.04085252]
[-0.34297724  0.83107867  0.4694677 ]
[0.23674717 0.91496041 0.25599613]
[-0.36908481  0.73783345  0.05178194]
[-0.37385631  0.85340832 -0.06966728]
[0.38397544 0.52724553 0.08536959]
[-0.88002534  1.06552362  0.53444678]
[-0.15306447  0.35263246  0.30624636]
[-0.10024265  0.75951106 -0.13376067]
[-0.1234081   0.17028436  0.06705078]
[-0.67312516  0.93402627  0.29283734]
[-0.11031066  0.36532513  0.43010505]
[-0.76213084  1.37980465 -0.08382178]
[0.47160495 0.41817359 0.19474198]
[0.36824001 0.38918724 0.43087288]
[-0.7116231   0.88498058  0.47512288]
[-0.24238171  0.18168178  0.39695112]
[0.27434147 0.26718062 0.47935324]
[-0.14942171  0.64234942  0.2378957 ]
[-0.66184349  0.94827856  0.1091327 ]
[-0.55207564  0.90703359  0.08724377]
[-0.70823042  0.95044531  0.12400667]
[0.42427611 0.66100276 0.35346266]
[-0.91188323  0.88835511  0.48380712]
[-0.35227961  0.82962352  0.22524997]
[0.2631211  0.50980014 0.54106714]
[-0.12531586  0.0963564   0.03311938]
[-0.198818    0.23690396 -0.19081145]
[0.29138434 0.35343596 0.38102732]
[-0.1679638   0.5659774   0.06047343]
[-0.01591956  0.3617002   0.02016786]
[0.24671086 0.40848446 0.48322581]
[-0.11307663  0.91536148  0.15586699]
[-0.54790603  0.82742605  0.3478508 ]
[0.36627556 0.83996128 0.27846197]
[-0.22859324  0.45926617  0.41134659]
[ 0.22808618  0.48425925 -0.10854717]
[-0.27232544  0.26013406  0.03012106]
[-0.61358125  1.02096509  0.05603896]
[-0.8265861   0.99621177  0.34689821]
[0.43024018 0.62979145 0.36605053]
[ 0.18825586  0.46959189 -0.11436766]
[-0.46534538  0.08754873 -0.10268196]
[0.35320488 0.15913952 0.16525449]
[0.40759878 0.59178763 0.10938786]
[0.01072747 0.19647289 0.37067759]
[ 0.24406448  0.28776059 -0.07569101]
[-0.42809926  0.25886547  0.1084479 ]
[-0.67390572  0.51216979  0.2807703 ]
[-0.65595894  0.8865936   0.15845791]
[1.57260375e-01 9.02165936e-02 2.54487061e-05]
[0.11033012 0.76681576 0.1993966 ]
[-0.73601383  0.784236    0.17448573]
[-0.03312748  0.19950999 -0.08025855]
[-0.2903548   0.57763345  0.43841673]
[-0.07357599  0.35866072 -0.25242007]
[-0.62359945  1.13105487  0.18432781]
[-0.58988704  0.58457861  0.34627226]
[-0.66600706  0.56729921  0.12001188]
[0.33517676 0.8629615  0.29334853]
[ 0.31555583  0.49050194 -0.01932858]
[-0.42429124  0.42238432  0.19439095]
[-0.43601878  0.4991237   0.27035865]
[-0.29425468  0.62425652  0.52608838]
[-0.20268186  0.36424287  0.00854014]
[-0.6297788   1.01356295  0.3501765 ]
[-0.07293664  0.9267466   0.14558323]
[0.1900356  0.52031742 0.2586946 ]
[-0.19122487  0.40832737 -0.233253  ]
[-0.83858195  0.56437062  0.35634375]
[0.28942726 0.27052578 0.02237271]
[-0.55923467  0.57995601 -0.05867587]
[-0.53875101  0.59760054  0.35661792]
[0.08808339 0.57915705 0.27403375]
[0.05082655 0.96571994 0.13291217]
[-0.54751137  0.62839666  0.11885598]
[ 0.2029177   0.84004479 -0.05767041]
[-0.26694205  0.05683255 -0.1987643 ]
[ 0.15056597  0.73970097 -0.16151189]
[-0.10920975  0.65030991  0.07154593]
[-0.71757001  0.91591049  0.08576073]
[-0.06984995  0.21962943  0.50640156]
[0.56395986 0.2547075  0.31510441]
[0.0687484  0.33438717 0.52583017]
[-0.0089211   0.32924681 -0.23160954]
[0.34055921 0.4561732  0.46718928]
[-0.32845489  0.92111045  0.06754224]
[-0.46856669  0.49092747  0.32576839]
[-0.81339921  1.11490311  0.34041452]
[0.25483708 0.14198655 0.31857971]
[-0.81669558  0.98618773  0.35219723]
[-0.54834765  1.15524534  0.34974279]
[0.01376683 0.40429543 0.19108157]
[0.16782327 0.57466175 0.54323031]
[-0.61620607  1.19898975  0.27395721]
[0.22150425 0.29725718 0.19130835]
[-0.17116265  0.33250752 -0.13207214]
[ 0.18830308  0.34103262 -0.0615614 ]
[-0.82937023  1.00882664  0.3386595 ]
[0.02704113 1.00921099 0.35923304]
[-0.10918548  0.97092645  0.21342484]
[-0.51259628  1.23170227  0.16588526]
[-0.48852458  0.32429845  0.19589888]
[-0.15150888  0.40772725  0.33315098]
[-0.14719873  0.33543859  0.54653751]
[-0.06811783  0.69388167 -0.17795754]
[-0.02907584  0.2935943   0.57875889]
[-0.07577329  0.66585809  0.20345854]
[0.10370842 0.58855356 0.01248658]
[ 0.00927046  0.10731845 -0.11400809]
[-0.03020907  1.01272381  0.29985926]
[-0.27396789  0.29356359 -0.06002554]
[-0.57321296  1.03677303  0.23462634]
[-0.90055508  0.71235259  0.17590293]
[-0.57601675  0.47679646  0.07888208]
[-0.32628695  0.3120013   0.40074556]
[-0.62404484  0.38787199  0.26045158]
[0.5176192  0.25995196 0.17023849]
[-0.09120412  0.27541031  0.6209701 ]
[-0.24696855  0.16440809 -0.15048308]
[0.24291789 0.28804932 0.06661854]
[ 0.27950891  0.29155811 -0.11530259]
[-0.80511094  1.09558904  0.39121607]
[-0.62250795  0.53060549  0.45362619]
[-0.77044461  0.92733379  0.28323602]
[-0.03253137  0.27025099  0.08497489]
[0.38774452 0.56068216 0.04600293]
[-0.89771985  1.11173721  0.33401084]
[0.04554193 0.43950256 0.41757641]
[-0.33366539  0.16775189  0.31990349]
[-0.25996132  0.84415748  0.30503868]
[0.33679061 0.54552402 0.23941156]
[-0.05039963  0.50916413 -0.16004584]
[-0.75368769  0.65509518  0.19780219]
[-0.47030881  0.13489855  0.21803077]
[-0.62335479  0.08367476  0.12498608]
[0.1340519  0.62826217 0.32174033]
[-0.28014501  0.60275703  0.18254567]
[-0.42729018  0.5047464   0.29515906]
[-0.80786529  0.73323693  0.16743995]
[-0.45989072  0.54308581  0.42549713]
[-0.50154112  0.3490148   0.43359436]
[0.30268733 0.02672693 0.12296839]
[-0.14868068  0.39725365  0.25722537]
[-0.45960868  1.03030279  0.25108313]
[-0.10611809  0.67309467  0.33098912]
[ 0.05746093  0.61754194 -0.2519678 ]
[-0.22641558  0.1205134   0.21552667]
[0.29916674 0.21656258 0.27712003]
[-0.69127667  1.36334316 -0.41369078]
[-0.87155593  0.66888342  0.30143456]
[0.09349246 0.49281139 0.42150903]
[-0.03869364  0.96158021  0.0291398 ]
[-0.12105704  0.0359354   0.55799739]
[-0.46379638  1.02116081  0.40068948]
[-0.13358719  0.15104898  0.40864549]
[-0.90747477  1.22964555  0.35425264]
[-0.02000198  0.48886656  0.04705754]
[-0.06362692  0.3163568  -0.05764853]
[ 0.03845678  0.65536959 -0.14980413]
[-0.11941348  0.19646348 -0.08741084]
[-0.16346123  0.68117465  0.44650311]
[-0.40401041  0.94094954  0.11812156]
[0.30140603 0.40485752 0.32367817]
[-0.27835576  0.25451868 -0.03363155]
[0.30938226 0.64124232 0.11426634]
[0.12855851 0.51174104 0.47525541]
[-0.54019885  0.87785743  0.20559276]
[-0.75454524  0.53722154  0.33238828]
[-0.44733573  0.35496112 -0.03348044]
[0.22506046 0.93883585 0.28444875]
[0.46314149 0.65280884 0.21593112]
[0.34613534 0.31275298 0.14192848]
[0.34524171 0.30114514 0.16860091]
[0.39450276 0.62527422 0.14617695]
[-0.84785686  0.79294825  0.34829902]
[0.25967761 0.77406119 0.32605551]
[0.39279427 0.16747829 0.01292791]
[-0.649015    0.98349     0.61498995]
[0.3270486  0.57197085 0.21387993]
[-0.47403598  1.01676103  0.07824393]
[-0.66457214  0.93412765  0.2846328 ]
[0.41687671 0.18260401 0.20162152]
[-0.01952234  0.42778946  0.34147695]
[0.00834175 0.79546452 0.50165975]
[-0.42601715  0.98456989 -0.00380689]
[-0.83521511  0.48277377  0.21125625]
[-0.43526304  0.55281721  0.40658974]
[0.12636514 0.81583076 0.25213964]
[-0.57844377  0.13984064  0.0493397 ]
[0.18916627 0.68263172 0.52578537]
[0.02155803 0.15065947 0.34426289]
[-0.68474759  0.51013756  0.05269288]
[0.0868841  0.77661337 0.14513571]
[0.48188572 0.26568812 0.18189252]
[-0.58110938  0.42891038 -0.04986322]
[-0.28779382  0.22698298 -0.1462647 ]
[0.55033986 0.24645134 0.17580873]
[-0.28714412  0.34182336  0.15670876]
[-0.12423684  0.60356086  0.12368768]
[-0.09653459  0.82987826  0.39754233]
[0.47468307 0.27556546 0.19406748]
[-0.85122399  0.78719729  0.26697777]
[-0.44163372  0.88199406  0.36727065]
[0.37136077 0.26004125 0.2303365 ]
[-0.10767598  0.82730901  0.31942659]
[0.2249008  0.56912385 0.34739706]
[0.03457292 0.29155301 0.03718498]
[-0.57462033  0.70420178 -0.099549  ]
[0.39085286 0.27976932 0.06911698]
[0.17747448 0.65903901 0.05287859]
[-0.88981746  1.19594651  0.30712191]
[0.17005482 0.77785661 0.24180693]
[-0.69632773  0.54441607 -0.06257341]
[0.28216428 0.72443989 0.38986905]
[-0.64790247  0.77681635  0.06176386]
[0.10660961 0.89329655 0.24400652]
[0.17791115 0.86654839 0.34736583]
[-0.19088031  0.42244192 -0.11470852]
[-0.07250207  0.19075623 -0.23795613]
[0.12553156 0.66389034 0.29308919]
[-0.48418171  0.68587054 -0.10752777]
[-0.37927052  0.55443292 -0.1387252 ]
[-0.02387618  0.35400556  0.00067003]
[-0.49141333  0.79094869  0.19711424]
[-0.50909307  0.10362644  0.40896307]
[ 0.31048593  0.26541035 -0.04612845]
[0.42403575 0.61245451 0.05705607]
[-0.29316352  0.52018211 -0.08673827]
[-0.31121545  0.1541314   0.01340741]
[-0.72584195  0.66098577  0.46889711]
[-0.71807313  1.29717798 -0.0318268 ]
[-0.85550733  0.84001902  0.30037793]
[-0.18093588  0.09295764  0.4797677 ]
[ 0.18287309  0.47166625 -0.14282786]
[0.04501781 0.90037851 0.40513543]
[-0.24526359  0.31614313  0.2064162 ]
[0.44941594 0.48179817 0.18733524]
[-0.16270208  0.86903637  0.1457251 ]
[-0.77425089  0.50335422  0.11671364]
[-0.62427114  0.60740527 -0.00994572]
[0.09763151 0.90036545 0.00811221]
[0.36862182 0.39982358 0.08307361]
[ 0.13403388  0.65663038 -0.14722352]
[ 0.01139809  0.34452392 -0.07448469]
[ 0.01129972  0.79563886 -0.09361043]
[-0.90408558  1.00824898  0.38396445]
[0.62148417 0.35233031 0.15503445]
[-0.36112205  0.62691645  0.22924853]
[-0.33713864  1.45351641  0.00888425]
[-0.59509934  0.58948793  0.08595805]
[-0.35194203  0.55213854  0.06354331]
[-0.10387844  0.81430316  0.4370543 ]
[-0.77002376  0.44567057  0.23662637]
[-0.01964015  0.50443071  0.61064054]
[-0.56637013  0.93582563  0.29804748]
[-0.39753206  0.47330611  0.21701701]
[0.35497301 0.41065252 0.47209513]
[0.10815698 0.95679804 0.37594897]
[0.21802861 0.68557303 0.51159703]
[0.58920012 0.25308548 0.04004517]
[-0.18664597  0.74470326  0.42241866]
[ 0.37090257  0.29305593 -0.01957908]
[-0.37121552  0.91195934  0.0934221 ]
[-0.1683006   1.56590278 -0.10257058]
[0.38035446 0.08892819 0.28375805]
[-0.0468715   0.83225441  0.39065355]
[0.07733574 0.94840291 0.28643581]
[-0.58871079  1.16175476  0.11325887]
[-0.35752223  0.62248019  0.16987578]
[-0.14600701  0.54554657 -0.10355893]
[-0.28535782  0.67321854 -0.14269714]
[0.22200067 0.92902469 0.4142733 ]
[0.03919729 0.24076213 0.33519882]
[-0.69340312  1.18464703  0.4557941 ]
[-0.62727615  0.45557277 -0.03274258]
[-0.49140877  0.34667339  0.0389273 ]
[-0.42509922  0.52771273  0.43682087]
[ 0.17619645  0.25254656 -0.07309723]
[0.08641162 0.32741167 0.14388454]
[-0.10442154  0.65583165  0.12654172]
[0.09872464 0.85764972 0.45350576]
[0.08185231 0.68243147 0.51346799]
[0.21521791 0.7410596  0.22769027]
[-0.09825099  1.48193317 -0.1746847 ]
[-0.27837544  0.3288614   0.38102761]
[-0.09329987  0.92949637  0.10557256]
[-0.54397993  1.23112706  0.36533772]
[0.18964353 0.21169241 0.0068288 ]
[-0.27627267  0.54277306 -0.11598739]
[-0.60365821  0.9612997   0.33171987]
[-0.15744031  0.77531631  0.45420358]
[0.37369043 0.49431101 0.13879163]
[-0.09828344  0.54046204  0.53525693]
[-0.55879001  0.51024099  0.10617082]
[-0.01064711  0.61543168 -0.28439052]
[-0.79399119  1.23576812  0.36632996]
[0.20610525 0.38656937 0.46266246]
[-0.52602169  0.70487689 -0.09016734]
[-0.66277742  0.60456629  0.2764029 ]
[-0.11238562  0.23913356  0.48153674]
[-0.51104636  0.59994686  0.37450256]
[ 0.3103935   0.29271241 -0.00959692]
[-0.05881015  0.62286957  0.04356713]
[0.59035119 0.37312461 0.19229888]
[-0.81623096  1.2577375   0.297878  ]
[-0.71821689  0.62990676  0.48475882]
[0.17208048 0.13491743 0.4368807 ]
[-0.31613855  0.79977676  0.06415914]
[-0.25040902  0.13693823  0.33690919]
[-0.56634769  0.75862728  0.09449555]
[ 0.30385907  0.67350055 -0.06270126]
[-0.56476293  0.65261759  0.20502545]
[-0.28327472  0.19528678  0.47977124]
[-0.66530212  0.82052437  0.02377446]
[-0.22960884  0.40472341  0.07756774]
[-0.64904522  1.34185372 -0.06765704]
[-0.53051591  0.85554591  0.1564953 ]
[0.009347   0.67882651 0.47865845]
[0.33794976 0.35380851 0.20839892]
[-0.69726382  1.44752158 -0.37496237]
[-0.4163521   0.95809267  0.17569684]
[0.1585935  1.01213512 0.15535556]
[-0.73389504  1.5682972  -0.45349456]
[-0.38501538  0.41303366  0.17189664]
[-0.08828847  0.28998479  0.28035429]
[0.35490835 0.57377674 0.35185868]
[-0.52676859  0.55667748  0.00813084]
[0.46465109 0.65550062 0.08017209]
[0.11666379 0.21910966 0.23830946]
[-0.43110703  0.57237072  0.26438498]
[ 0.11648515  0.48125995 -0.07389925]
[-0.28211652  0.29312868  0.06240406]
[0.01572324 0.56850979 0.48545456]
[-0.17985089  0.07323156  0.15152627]
[0.44022115 0.70291154 0.34220301]
[0.2208949  0.56340849 0.39844481]
[-0.69852199  0.70917358  0.2734892 ]
[0.14044829 0.88514622 0.19544814]
[ 0.21064942  0.51846119 -0.22228373]
[ 0.30003812  0.60958775 -0.11269828]
[-0.73988423  0.6926672   0.49363342]
[-0.13673099  1.37947686 -0.05228794]
[-0.56324158  0.41274381  0.17294261]
[-0.03609099  0.10667575  0.09427053]
[-0.38241681  1.32491418  0.05986979]
[-0.049713    0.41395252  0.44804854]
[-0.28808456  0.51997686 -0.14178476]
[0.23894187 0.1514897  0.13881322]
[-0.80517568  1.24271124  0.2065999 ]
[-0.52933878  1.09234881  0.35208711]
[0.09487764 0.82816972 0.36441537]
[-0.48652509  0.64134479  0.24060446]
[-0.33890291  0.39507632  0.25250216]
[0.12501599 0.69809947 0.29290127]
[-0.14091349  0.52849041  0.6053636 ]
[0.22565531 0.32445592 0.38893725]
[-0.02710036  0.33206895 -0.10840281]
[0.01641556 0.70440438 0.28439806]
[0.12556119 0.66447815 0.01158826]
[-0.71481605  0.91948736  0.12420988]
[-0.2469392   0.57661274  0.45698956]
[-0.66697115  0.82642903  0.26330558]
[0.28039827 0.49619086 0.36442552]
[0.2273838  0.79637109 0.32165384]
[-0.46196749  0.04066089  0.35169929]
[-0.14217593  0.4552036   0.43098943]
[4.48883501e-01 5.83132405e-01 4.31918054e-04]
[-0.82796972  0.56908409  0.34936606]
[-0.62299887  0.40849111  0.38972677]
[ 0.01229457  0.55267083 -0.03834235]
[0.43559498 0.5344691  0.34481529]
[-0.16151026  0.88262021  0.3968588 ]
[-0.38604299  0.93573182  0.33034371]
[-0.08186881  0.74149161  0.53803708]
[-0.62354666  0.53199583  0.26569176]
[-0.60302973  0.77344909  0.32426425]
[-0.56207293  0.5890699   0.02488155]
[-0.62363745  0.11855315  0.03800493]
[-0.81846751  1.14098728  0.4342512 ]
[0.38357793 0.83376008 0.24737146]
[-0.26730488  0.45402238  0.17134319]
[-0.58080831  0.0600413   0.38902092]
[-0.23062014  0.81016279  0.09805048]
[-0.66349345  0.6945294   0.2249597 ]
[-0.32577006  0.82658821  0.43534048]
[-0.41466061  0.70070356  0.20370927]
[-0.07866774  0.68154011  0.01685256]
[-0.21828555  0.21951873  0.15411001]
[-0.33430008  0.63335031  0.38226102]
[-0.28725472  0.44838947  0.4398367 ]
[-0.65588985  1.41378734 -0.12531606]
[-0.41906711  0.38681864  0.10643089]
[-0.53595719  0.16941162  0.37910266]
[-0.37498532  0.0345465   0.47383094]
[-0.03990425  0.91740199  0.21674688]
[-0.06142642  1.01672194  0.27512881]
[-0.31921793  0.2123715   0.18871634]
[-0.78363575  1.28722243  0.32576466]
[ 0.11973481  0.07624816 -0.03472951]
[ 0.11341983  0.79816218 -0.00096504]
[-0.16874038  0.08520863 -0.03649767]
[0.17062557 0.965608   0.02686871]
[-0.69578701  0.86810718  0.18941328]
[-0.12862309  0.65490282 -0.10178758]
[-0.15601285  0.55448986 -0.32256942]
[ 0.02633586  0.4052     -0.08770853]
[0.21224024 0.78171394 0.12572446]
[-0.29276598  0.11796012  0.56653015]
[-0.17301383  0.67481327  0.39173606]
[-0.56870039  0.55877542  0.17263237]
[0.13849379 0.36816488 0.0534112 ]
[-0.4199951   0.43435635  0.35827634]
[-0.54751274  0.50190567  0.41751294]
[0.28799326 0.47854309 0.4969131 ]
[-0.17614943  1.56634807 -0.10653826]
[-0.19403871  0.75139604  0.16218156]
[-0.37923746  0.64894593  0.41376399]
[-0.52546167  0.49358358  0.54593508]
[0.37881099 0.55598463 0.21176523]
[-0.78748104  1.01864852  0.59204684]
[-0.72236327  0.06597046  0.1145668 ]
[0.06583504 0.09178199 0.22853928]
[ 0.05677615  0.78540324 -0.08075357]
[-0.72885499  1.08285667  0.60358778]
[-0.34195719  0.54968753 -0.11545485]
[0.00332389 0.12835383 0.4160486 ]
[ 0.09033222  0.55786053 -0.2377358 ]
[-0.09737838  0.31053269  0.50620816]
[-0.41416409  0.10946775  0.52917048]
[ 0.07831945  0.55145124 -0.12655543]
[0.3427774  0.23826547 0.09522575]
[0.38511691 0.37822699 0.43998691]
[-0.46246696  0.51339096  0.2185591 ]
[0.1040206  0.68847097 0.13349584]
[0.00911977 0.35307667 0.2396941 ]
[ 0.05436749  0.38155569 -0.08106197]
[-0.0180537   0.37906471  0.29935145]
[-0.56611552  1.18832627  0.34695621]
[0.41588151 0.65373987 0.3480405 ]
[-0.14623745  0.20859467  0.43919729]
[-0.23760628  0.63231162 -0.19451727]
[-0.21745374  0.85049734  0.2932143 ]
[-0.75623747  1.29459518  0.35661578]
[-0.64170005  1.1399461   0.45679151]
[0.34648333 0.06829425 0.07792099]
[-0.46151138  0.74331354  0.0655177 ]
[-0.76068395  1.24545425  0.45703928]
[0.30060255 0.37675936 0.08570615]
[0.05618351 0.87441227 0.47572726]
[-0.61742085  0.43065565 -0.05282627]
[-0.1849949   0.28437693  0.3408205 ]
[-0.24112326  0.34323788  0.08090848]
[ 0.14723355  0.54869354 -0.18649159]
[-0.67200453  0.84277609  0.51036811]
[-0.25906594  0.36118044 -0.26519804]
[-0.57308505  1.18062243  0.39922055]
[-0.79555162  0.95042123  0.3703719 ]
[0.00085057 0.3444791  0.21136948]
[0.16700678 0.93348636 0.08103826]
[-0.18849149  0.42735003  0.42892979]
[-0.09804921  0.68671767  0.42054916]
[0.08023655 0.24009059 0.27088947]
[0.26095868 0.4983568  0.40649339]
[0.14767666 0.64980139 0.19536778]
[-0.34368688  0.77828413  0.23983059]
[-0.10519595  0.43252215  0.04135412]
[-0.45567736  0.12083331  0.3471696 ]
[-0.26264818  0.60962275 -0.10136941]
[-0.8959951   0.99476712  0.14063582]
[-0.88684044  0.67016862  0.28809855]
[ 0.06663309  0.64980468 -0.02829611]
[0.18315895 0.15692765 0.36943671]
[0.07180828 0.32705986 0.06737019]
[0.20676662 0.0467374  0.4236708 ]
[-0.62003258  1.1513567   0.41938262]
[-0.54686076  0.91305341  0.39423451]
[-0.21672905  0.71929632 -0.12405073]
[-0.62906129  1.09926659  0.34111704]
[-0.76686926  1.09391913  0.46123795]
[-0.72263807  0.53182793 -0.03076109]
[-0.59219155  0.32043907  0.15557923]
[ 0.04085291  0.42061028 -0.08894004]
[ 0.09138507  0.42911272 -0.12939675]
[-0.26467093  0.80307201 -0.02058502]
[-0.52171765  0.33037283  0.33627848]
[-0.26302188  0.3045317  -0.06399029]
[ 0.02579448  0.75548996 -0.16125287]
[0.12114576 0.77414492 0.24639356]
[-0.38092269  0.74378913  0.07645243]
[0.31488116 0.69789492 0.17152533]
[0.37480592 0.62189411 0.2411619 ]
[0.20336453 0.67014812 0.50565874]
[-0.16522264  0.30844764 -0.14738757]
[-0.04877731  0.31428979  0.03276294]
[-0.24726049  0.88854642  0.20201217]
[0.15708833 0.88055701 0.33062133]
[-0.85810465  1.13400218  0.33903567]
[0.14861347 0.97550104 0.40154209]
[-0.34810961  0.78346429 -0.05929574]
[-0.67358849  0.52711631  0.36705783]
[-0.71935564  0.89353435  0.10632223]
[0.14670876 0.57218435 0.00759824]
[ 0.16835341  0.1088515  -0.06489737]
[-0.30549543  0.86121242  0.2082976 ]
[-0.63326957  0.55025521  0.17252775]
[0.12428119 0.48555144 0.40833824]
[-0.42902312  0.97206551  0.05326067]
[-0.40875325  0.60380232 -0.09353132]
[0.25518519 0.08285391 0.06611089]
[0.33673245 0.797753   0.02728374]
[-0.55870187  0.65190885  0.14176969]
[-0.82161026  0.4847444   0.10251978]
[-0.50628089  0.13591225  0.34529613]
[0.0354486  0.16419822 0.45156582]
[0.24306266 0.85449909 0.05876186]
[0.48115032 0.55379893 0.06318466]
[0.48320176 0.43646946 0.28986022]
[-0.13127267  0.11396173 -0.18031951]
[-0.7476484   0.68640348  0.13911624]
[-0.87966687  1.0052967   0.32608433]
[0.05535635 0.71809311 0.2459696 ]
[-0.6523492   1.14597105  0.03838795]
[-0.19368547  0.52633794 -0.18788354]
[-0.56724726  1.15876575  0.11017292]
[-0.33919788  0.55201139 -0.02995989]
[-0.1669472   0.15744532 -0.031599  ]
[-0.38909781  0.16846666  0.14750566]
[-0.34027495  0.85524429  0.24041242]
[-0.18133056  0.8074894   0.13068055]
[-0.61118496  1.13387501  0.10555286]
[-0.6752459   0.91841436  0.36600106]
[-0.73230291  0.47144601  0.44948886]
[-0.76825221  0.70114634  0.17397213]
[0.27620218 0.88584062 0.1285351 ]
[-0.38647785  0.98773834  0.20720726]
[0.22386669 0.82609702 0.31495847]
[0.03236863 0.91148528 0.20315065]
[-0.36536767  0.48358828  0.40594808]
[0.12775631 0.05295589 0.32477832]
[-0.42032497  0.35998013  0.09422289]
[-0.06831817  0.80904246  0.20514328]
[-0.49413716  0.82916537 -0.09750953]
[-0.47230226  0.98859776  0.41943862]
[0.40276408 0.4182439  0.19673162]
[0.04849902 0.70893491 0.26445276]
[-0.23904584  0.18859249  0.31270426]
[ 0.17048956  0.51683604 -0.01148688]
[0.43786899 0.66626744 0.04257737]
[-0.62640666  0.43398363  0.35950013]
[-0.07108071  0.66534177  0.21409073]
[0.27639787 0.28151421 0.45486962]
[-0.20845475  0.73400527 -0.03586127]
[ 0.16396764  0.77561201 -0.07312334]
[-0.31819832  1.38202747  0.07222424]
[-0.08228763  0.30413505  0.20502475]
[0.00585111 0.34417502 0.66375852]
[-0.48691932  1.09047394  0.391571  ]
[-0.39040132  0.4526137  -0.0668611 ]
[-0.47218852  0.73198292  0.22708053]
[0.12384397 0.57729332 0.6402127 ]
[-0.53084611  0.83425235  0.17998242]
[-0.34126286  0.45938945 -0.04591112]
[-0.3073213   0.07885033  0.40496113]
[-0.21773049  1.48880464 -0.10825699]
[-0.55233229  0.62705636  0.48442461]
[-0.121642    0.39696127  0.09269488]
[-0.50326141  1.05725504  0.14125843]
[-0.31471012  0.47922717  0.44040286]
[-0.89727271  1.10944098  0.47755315]
[-0.23884212  0.25413014  0.31291989]
[-0.12548778  0.48230524  0.54491784]
[-0.40412906  0.12246187 -0.04623317]
[-0.27778111  0.58510061 -0.20879418]
[0.31548779 0.10588125 0.35568083]
[-0.3113027   0.56917724  0.52511949]
[-0.31697433  0.59654096  0.02641435]
[0.14658723 0.67144406 0.44903203]
[0.09787308 0.28287676 0.52010084]
[-0.25173313  0.58510633  0.26985776]
[-0.4068329   0.65592364 -0.14840181]
[-0.18966282  0.19373257  0.48376053]
[-0.08726866  0.3915912   0.15497432]
[0.11282458 0.1082048  0.49894749]
[0.13623832 0.37940636 0.31761873]
[0.46252961 0.38505346 0.22410584]
[-0.5172473   0.50528577  0.34691809]
[0.23658195 0.47559931 0.57399154]
[0.28107224 0.26934133 0.50053437]
[-0.01471142  0.69086537  0.11051029]
[-0.19821202  0.64607575  0.44764027]
[0.22850622 0.63476208 0.44379869]
[-0.62896836  0.38308413  0.10279684]
[-0.49050131  0.91389991  0.14440666]
[0.39959194 0.71234775 0.16632257]
[0.17077007 0.72564198 0.39121047]
[-0.67632818  1.43377867 -0.36055999]
[-0.38732287  0.80687475  0.13271257]
[0.39147193 0.47446649 0.11289766]
[0.41962917 0.26542914 0.31394955]
[-0.0629982   0.45970209  0.13016082]
[0.28172624 0.66868207 0.11603886]
[-0.82379448  0.63129624  0.16656073]
[ 0.09734459  0.06889931 -0.14290533]
[0.61929526 0.20343009 0.22585141]
[0.62092379 0.21016564 0.20309383]
[ 0.17339189  0.45711332 -0.15069064]
[-0.14943991  0.27435426  0.51467949]
[-0.42235644  0.47668134 -0.09689015]
[-0.26297254  0.58376666 -0.14347725]
[-0.55813749  0.29746829  0.11464706]
[0.13598029 0.96629262 0.42093175]
[-0.49350533  0.52731163  0.31544036]
[-0.37690584  0.26846546  0.38690207]
[0.23448887 0.14493775 0.30291502]
[-0.71451717  0.86640255  0.26940034]
[-0.77350942  0.65490008  0.16766436]
[-0.59064927  1.14809538  0.05978055]
[0.56780727 0.38211281 0.2677443 ]
[-0.28322215  1.50155134  0.03525344]
[0.21501822 0.3916248  0.09816706]
[-0.28155729  0.93925918  0.26523168]
[0.26407323 0.67389253 0.3120386 ]
[ 0.01544077  0.58799587 -0.03938837]
[0.06060197 0.84940967 0.17586932]
[-0.44114694  0.63916345 -0.12316986]
[-0.70816092  0.57530591  0.477972  ]
[-0.6416757   0.34694875  0.33672855]
[0.26248218 0.67393951 0.13916722]
[-0.3399263   0.2335364   0.03472156]
[-0.8296512   1.00967372  0.10287765]
[0.02146485 0.23487115 0.07989926]
[0.44320198 0.38830039 0.01648333]
[-0.41298324  0.19957333  0.49690767]
[-0.71107437  1.29612259 -0.17308543]
[ 0.16240308  0.69728031 -0.15134879]
[0.15745188 0.91348274 0.30204514]
[-0.85141333  1.09953383  0.3187208 ]
[0.3366299  0.72574387 0.35163619]
[-0.70906855  1.26278401 -0.19370042]
[0.05780812 0.47665081 0.56292174]
[-0.09770262  0.93214208  0.09727047]
[-0.47403817  0.4768935  -0.05982477]
[-0.27971914  0.27889312 -0.10977855]
[-0.17878269  0.25303316  0.40574554]
[0.04428605 0.6528229  0.49184543]
[-0.78710664  0.79424303  0.08939624]
[0.06485494 0.37338779 0.03137264]
[-0.00874587  0.37365159  0.0412874 ]
[0.05205494 0.35035844 0.43446463]
[ 0.05011686  0.17908133 -0.0013529 ]
[-0.86558922  0.90317387  0.35147369]
[-0.59297084  0.29124551  0.13694001]
[-0.30743571  0.3057551  -0.1250714 ]
[-0.02010114  0.17260959  0.00831442]
[0.28165163 0.59473315 0.3740598 ]
[-0.3283512   0.35658137 -0.10874029]
[ 0.15025497  0.29309491 -0.07777904]
[-0.75307184  1.19334795  0.49490344]
[-0.43527341  0.4288252   0.40740865]
[-0.69483568  0.88983843  0.07903349]
[-0.79710697  1.25152964  0.18489877]
[0.17844868 0.11753533 0.2021492 ]
[-0.36253348  0.45933948 -0.0840514 ]
[-0.32378006  0.4383117  -0.09492033]
[0.08334049 0.35760819 0.59608058]
[-0.68002973  0.7490731  -0.03219871]
[-0.30939491  0.4034923   0.10663245]
[-0.29678417  0.72274125  0.11862789]
[-0.91936397  0.93670269  0.26237127]
[-0.63211545  1.21907822  0.26168187]
[-0.38955095  0.38889777  0.1792159 ]
[0.11159148 0.26394557 0.59710364]
[-0.02093813  0.43149489 -0.14165615]
[-0.25735008  0.07923577  0.16370935]
[-0.29157171  0.77499401  0.40477795]
[-0.18657971  0.733765    0.01523005]
[0.11091206 0.61647735 0.41403291]
[-0.55596496  0.37184062  0.34750757]
[-0.33562948  0.99682644  0.28188853]
[-0.08112787  0.25393875 -0.11105579]
[-0.73053459  0.398386    0.28267541]
[-0.45130379  0.62749475 -0.04735647]
[0.22981316 0.22009154 0.1505417 ]
[0.12593829 0.25347861 0.53591304]
[-0.64789509  0.46583815  0.49728091]
[-0.7868023   0.47982778  0.05073004]
[-0.09291177  0.49453093  0.24965194]
[-0.89248286  1.05398615  0.25155525]
[ 0.23967046  0.55584944 -0.10900819]
[-0.3455271   0.60696287  0.01586773]
[0.0121243  0.72096071 0.09968133]
[ 0.12616994  0.65299824 -0.22023111]
[-0.26631284  0.92750012  0.36706556]
[-0.32398698  0.08019523 -0.23118963]
[-0.51664103  0.69779003  0.26014137]
[-0.80132138  0.66916392  0.02113324]
[-0.47719172  1.00401818  0.14991955]
[-0.71020759  0.60582466  0.50626103]
[-0.07508335  0.92363325 -0.06249753]
[0.20742173 0.32467171 0.14275524]
[0.08415341 0.60811462 0.61663414]
[ 0.29401941  0.32670431 -0.02935131]
[-0.10949772  0.60479268 -0.15699469]
[-0.50267026  0.56135802  0.1344392 ]
[-0.73417155  0.96589776  0.12922059]
[-0.39547348  0.36178608  0.19969497]
[-0.08587594  0.56436175  0.17776251]
[-0.01001763  0.30753264  0.62779061]
[-0.06952774  0.21700992  0.08304744]
[-0.15309395  0.19075088 -0.08064972]
[ 0.15603489  0.87939781 -0.03892787]
[0.47546387 0.13028062 0.29861833]
[-0.76322901  0.97933842  0.39033055]
[-0.61832078  0.63807974  0.3247123 ]
[0.37745944 0.68389208 0.02854157]
[-0.45367499  0.29747359  0.21751143]
[-0.24796606  0.32201872  0.32561595]
[-0.16467284  0.62172528 -0.20792578]
[0.36640133 0.63850573 0.43537509]
[-0.77991146  1.36445806 -0.13074712]
[-0.67685844  1.29523256 -0.0314083 ]
[-0.23579534  0.16830509  0.0039762 ]
[-0.37887359  0.40503677  0.44859515]
[-0.6299212   1.31248186 -0.04711796]
[-0.37245116  0.84724922  0.14603373]
[0.22179892 0.65872965 0.42745933]
[-0.80747098  0.90686235  0.11419506]
[0.36546859 0.16508566 0.18585255]
[ 0.26204852  0.64961077 -0.0990225 ]
[0.39501062 0.75712623 0.17417133]
[-0.15936878  0.07466361 -0.18184063]
[-0.3047977   0.31324177  0.48135653]
[-0.11041885  0.44042787  0.25536239]
[ 0.10988743  0.2651405  -0.08776609]
[0.0354025  0.1922512  0.32334714]
[0.27759688 0.06531849 0.10906081]
[0.27443625 0.72257737 0.19841433]
[0.27683857 0.33385198 0.04910119]
[0.20279918 0.08862933 0.17049492]
[0.06197343 0.81373594 0.3741253 ]
[ 0.01476156  0.93066837 -0.01879694]
[-0.65275364  0.32232677  0.17086022]
[-0.39304393  0.6051703   0.46124659]
[0.49146616 0.26636815 0.30691497]
[-0.68097345  1.00265361  0.04556392]
[ 0.31009943  0.29231406 -0.01433828]
[-0.7485223   0.74875487  0.47873978]
[-0.44477528  0.91393523  0.01212361]
[0.22962966 0.05859136 0.07728607]
[0.20000704 0.71897202 0.5337503 ]
[-0.40896755  0.64110344  0.46077149]
[-0.14802925  0.88807747  0.03642487]
[0.28134296 0.70683437 0.49553551]
[-0.65190575  0.3494095   0.37079694]
[-0.58131274  0.82354807 -0.02148335]
[0.06817559 0.66562132 0.32824257]
[-0.04368349  0.54592423  0.49430664]
[-0.00396962  0.68443084  0.03313524]
[0.11689611 0.93539108 0.1691836 ]
[0.33739538 0.43561098 0.39455908]
[0.28817607 0.62424608 0.29099915]
[-0.57643057  0.45665689  0.11633521]
[-0.24654867  0.55763434  0.06245975]
[-0.51908999  0.08061586  0.30068896]
[0.50620473 0.54192068 0.18755104]
[-0.58104652  1.2163128   0.33204576]
[0.42460356 0.31162221 0.34432044]
[-0.30449953  0.61505785  0.39264655]
[-0.21614172  0.29774137  0.33166993]
[-0.09307744  0.3454509  -0.03409899]
[ 0.2141137   0.28931793 -0.19810005]
[0.02186237 0.98749436 0.11812459]
[-0.67677685  0.88152009  0.10149676]
[-0.04592227  0.94615214  0.20675136]
[0.38006276 0.5408744  0.15709621]
[-0.85936092  0.92034032  0.26295639]
[0.19653675 0.75101967 0.12243913]
[-0.00651527  0.57503714 -0.10295667]
[-0.27916154  0.96803768  0.09141603]
[-0.08346409  0.66273145 -0.16628038]
[-0.0997868   0.46644183 -0.29996984]
[0.11001083 0.56124515 0.54107147]
[-0.15474364  0.87303821  0.12902869]
[-0.27873061  0.39341326  0.20623208]
[-0.1388595   0.86802731 -0.10720675]
[0.4776781  0.25004794 0.10501715]
[-0.67709197  1.37391623 -0.13133627]
[ 0.17362214  0.12948438 -0.1134923 ]
[-0.38221433  0.4878742  -0.08324993]
[-0.32497171  0.43495418  0.31349128]
[-0.02553589  0.37402599 -0.21758798]
[0.20132556 0.11957333 0.1156812 ]
[0.15319768 0.62238885 0.40994616]
[-0.64893007  0.48062681  0.18457193]
[-0.29445591  0.56112614  0.15600741]
[-0.14712764  0.48408517 -0.12258809]
[0.13738207 0.83488206 0.06649134]
[-0.5275601   0.34278258  0.40216721]
[-0.47621777  0.12803968  0.06805634]
[0.03555216 0.31754834 0.65409358]
[-0.61881524  0.86867448  0.31128859]
[-0.69585388  1.46666979 -0.19436015]
[0.16314334 0.89945897 0.3190956 ]
[-0.43579059  0.14006825 -0.11716996]
[-0.14836457  0.43323799 -0.08780298]
[-0.61039801  0.32986566  0.20522277]
[ 0.04091029  0.78103002 -0.04986747]
[-0.73347893  1.40032113 -0.22982774]
[-0.56244265  0.48896326 -0.06863907]
[-0.68522983  0.93065301  0.57356372]
[ 0.30235405  0.32200269 -0.14323028]
[0.12857433 0.19164357 0.30612484]
[0.13037218 0.54178925 0.17795192]
[-0.61156257  0.12738473  0.36447166]
[-0.5802042   0.63511374  0.28119303]
[-0.25637406  0.41691847  0.330848  ]
[0.36290865 0.79193847 0.20063341]
[-0.65546051  0.60210663  0.21372913]
[-0.34171872  0.54859659  0.36123409]
[0.20579321 0.67321054 0.50321998]
[-0.103997    0.54603452 -0.14701377]
[-0.41606817  0.07701399  0.05877377]
[-0.32725958  0.61490584  0.42352572]
[0.01664012 0.67728793 0.26807019]
[0.24025846 0.11770022 0.21472037]
[0.28766628 0.22404837 0.18463859]
[-0.6698072   0.91834458  0.25116216]
[-0.53457046  0.21891747  0.04264322]
[-0.47497976  0.65921047  0.06828188]
[-0.14519933  0.68002852  0.22488496]
[-0.04936709  0.5814039   0.31122295]
[-0.08336507  0.58869576  0.37681156]
[-0.74640499  1.2398695  -0.00553003]
[ 0.05372424  0.76168281 -0.11280363]
[-0.33940615  0.30499863  0.29000762]
[0.44920763 0.66556891 0.11869032]
[ 0.08417773  0.04300224 -0.15530214]
[ 0.09703422  0.25903622 -0.2210364 ]
[-0.20232452  0.98711192  0.07563058]
[-0.36002234  0.77766188  0.42624093]
[-0.13754512  0.71248337 -0.14069171]
[-0.14631138  0.08631519  0.54067434]
[-0.50565999  0.68870381 -0.12743054]
[-0.02941047  0.67873721 -0.04783154]
[-0.43294607  0.13835588  0.34346548]
[-0.20188857  0.15233998  0.35777987]
[0.34097161 0.78354942 0.32247192]
[-0.19257506  0.9404136   0.1920272 ]
[-0.21172112  0.73234019 -0.05054287]
[-0.02728417  0.59266473  0.60589484]
[ 0.1579247   0.26140038 -0.13898246]
[-0.71843739  1.27202546 -0.00183874]
[-0.50526235  1.03544879  0.19671658]
[-0.14395499  0.703436    0.4593427 ]
[-0.10168754  0.39442692  0.16220466]
[-0.1834648   0.64081629 -0.08074497]
[0.20714687 0.2140627  0.29797955]
[-0.79224793  0.61306421  0.33316505]
[-0.28822322  0.60616112  0.54034924]
[0.56013191 0.25613606 0.33962619]
[4.97160358e-04 5.55026589e-01 3.57848770e-02]
[-0.6389893   1.13810188  0.26637085]
[ 0.07165615  0.13089276 -0.17724805]
[0.20586226 0.66470468 0.49227223]
[-0.25455265  0.12274391  0.44476554]
[-0.19316528  0.46200448  0.45702049]
[-0.29780999  0.83571777  0.10986674]
[-0.34978962  0.54780147  0.01550229]
[0.0968801  0.13835647 0.05183433]
[-0.55593787  0.59065526  0.17122489]
[0.3646533  0.65024725 0.0185303 ]
[-0.73772262  0.52014986  0.45451135]
[-0.16820858  0.80926455 -0.08550079]
[-0.87533325  0.91199529  0.42922475]
[-0.74524168  0.7557333   0.21602223]
[-0.39343093  1.01005736  0.26162242]
[-0.84304937  1.03013483  0.29016235]
[-0.76897968  0.97277587  0.24272261]
[-0.57276661  0.14520049  0.43744878]
[-0.30470002  0.06815501  0.57795454]
[0.18500903 0.53449051 0.06567753]
[0.20584604 0.5194003  0.38215492]
[-0.1049129   0.12516724  0.32138254]
[0.36425305 0.5444326  0.34903968]
[ 0.38614422  0.46476276 -0.04420659]
[-0.67505207  1.24260341  0.1774522 ]
[-0.39408643  0.19149705  0.00469545]
[0.14457985 0.34342022 0.4866253 ]
[0.12589254 0.30761094 0.2379867 ]
[-0.32657965  0.17954589 -0.14257628]
[-0.37321797  0.22047549  0.11082224]
[0.32319106 0.22786704 0.17005961]
[-0.6362542   1.10158862  0.21012843]
[0.17345604 0.61782342 0.47587968]
[-0.74078811  0.41405376  0.19821355]
[-0.05092537  0.77456224  0.17875803]
[ 0.03608865  0.79276951 -0.04097748]
[ 0.17952512  0.14296995 -0.06328156]
[-0.80366043  1.00364909  0.27167743]
[-0.23345138  0.79562544  0.38166623]
[0.56068407 0.39713506 0.26005098]
[0.08762853 0.9100317  0.35943803]
[0.03043567 0.08875162 0.08561411]
[0.24105812 0.70160378 0.01570393]
[0.23365836 0.71504414 0.523943  ]
[-0.44330537  0.64102228  0.30674561]
[-0.38950733  0.91585097  0.36088748]
[-0.62445152  0.57732181  0.37597225]
[0.25892419 0.83951989 0.29661544]
[0.42294289 0.24643682 0.21358161]
[-0.73707906  1.02887804  0.53155031]
[0.24330822 0.34955795 0.47627579]
[0.17208654 0.41875574 0.26840983]
[0.15909587 0.87428477 0.38673724]
[0.1938958  0.22128315 0.42167159]
[0.07024671 0.70240016 0.51278518]
[0.14186315 0.32418506 0.33896314]
[-0.089417    0.50409166 -0.25247781]
[-0.31539384  0.34760492  0.35335327]
[-0.62337277  1.39840524 -0.20236119]
[-0.62546495  0.49956426  0.16172924]
[-0.65418122  0.57484632 -0.03302665]
[-0.42508191  0.36646663  0.02802837]
[-0.40172115  1.30946959  0.07755251]
[0.14458176 0.30431509 0.54611263]
[-0.34357698  0.08022745  0.19747064]
[0.36139507 0.33403739 0.25278268]
[-0.24919216  0.06186268  0.57830922]
[0.12269436 1.01720154 0.05116909]
[-0.61013674  0.56301761  0.52285921]
[-0.33770339  0.71385315  0.45525769]
[0.0571744  0.90755982 0.36179002]
[ 0.18385236  0.64279631 -0.06763379]
[-0.2921242   0.3684971   0.28825407]
[-0.17671827  0.68813663 -0.07566331]
[-0.3266688   0.68395634  0.24323373]
[-0.72035514  0.99991279  0.34825392]
[-0.33583834  0.56681222  0.40461256]
[-0.10998174  0.1131252   0.52099494]
[-0.79520964  1.16268311  0.07961252]
[0.46255877 0.31056713 0.33665975]
[-0.1477596   0.41745529  0.36448067]
[-0.24027781  0.69546569  0.04400334]
[-0.45414167  0.23507985  0.37258389]
[0.02711791 0.15025765 0.02893294]
[ 0.28469998  0.34105207 -0.07567973]
[-0.83224887  0.91504483  0.42811832]
[-0.69245407  1.46970596 -0.44336236]
[0.17597391 0.48396976 0.63152487]
[-0.6688751   0.51039889  0.50860878]
[-0.51781919  0.16681636  0.5209253 ]
[ 0.06075554  0.0862312  -0.07016098]
[-0.2895128   0.79936637  0.20193788]
[ 0.02049822  0.63728766 -0.2129756 ]
[-0.21627087  0.9005469   0.12888475]
[-0.4108837   0.32590099  0.50748303]
[-0.47865247  0.65672128  0.30328394]
[-0.10600036  0.5150136   0.56704515]
[0.1655812  1.00308312 0.10921748]
[-4.82233128e-02  8.90979316e-01  2.34354139e-04]
[-0.48325616  0.36903252  0.28440713]
[-0.33575622  0.65694434  0.08897445]
[-0.65965023  1.17997885  0.27321662]
[0.10599911 0.93554675 0.43103618]
[0.04467049 0.41324315 0.43183118]
[0.04278449 0.95503243 0.03315152]
[-0.58192575  0.84447232 -0.05617686]
[-0.8629467   0.8310487   0.26966191]
[-0.28764064  0.75304971  0.0410285 ]
[-0.67956971  1.25580045  0.17122421]
[-0.50077931  0.81105224  0.02917239]
[0.32529003 0.31569065 0.22182359]
[-0.71304987  1.33792904  0.05082136]
[-0.19228297  0.39023023  0.18234935]
[-0.07759634  0.34185468  0.5289404 ]
[0.13216059 0.63525714 0.55663916]
[-0.8549401   0.95252286  0.36239759]
[-0.32147264  0.2588314   0.11643445]
[0.19655362 0.33879799 0.24281526]
[0.38513946 0.58929897 0.05959462]
[ 0.3974894   0.53802799 -0.08591706]
[ 0.0088817   0.20449637 -0.21739607]
[-0.30915614  0.05865741  0.53626099]
[-0.45575481  0.73449507  0.34315303]
[-0.3043035   0.49982582  0.34947881]
[0.15336067 0.98911372 0.23689632]
[-0.7685832   1.0740098   0.47788121]
[-0.19011849  0.26492926 -0.07350542]
[-0.55792569  1.19533976  0.29431337]
[-0.01223814  0.26046698  0.25343251]
[-0.47704242  0.85875335  0.08478444]
[-0.33093646  0.6641478  -0.11263396]
[-0.21321968  0.18813672  0.04289852]
[0.36041367 0.53018015 0.24503944]
[-0.89249578  1.11511477  0.21746426]
[-0.51163103  0.28332018  0.0716502 ]
[0.34248563 0.7576323  0.39150788]
[0.25569191 0.09019033 0.34586853]
[-0.30269286  0.74367784  0.05864943]
[-0.40554132  0.26014777  0.2710828 ]
[-0.60201122  0.82636964  0.25794357]
[-0.26583986  0.59304484  0.50022229]
[-0.35000711  0.58999366  0.28654151]
[-0.62993667  1.18327701  0.39818462]
[0.25360947 0.58170704 0.01016456]
[-0.32229796  0.29368825  0.42833033]
[-0.52375217  0.85474217  0.05123836]
[-0.01968896  0.56638767 -0.28510233]
[0.19594019 0.44299908 0.05509841]
[-0.23804641  0.25320621  0.04312702]
[ 0.05439956  0.14678027 -0.14280251]
[0.22530305 0.11521445 0.20887903]
[0.47043063 0.29327148 0.28578488]
[0.4189264  0.19764676 0.26657604]
[ 0.04632679  0.38608647 -0.14768032]
[-0.20098302  0.53588532  0.59108426]
[-0.0021775   0.32865964  0.48316008]
[-0.47451064  0.94861964  0.29175706]
[-0.43864241  0.87287171  0.37898251]
[-0.25966502  0.32124352  0.32803431]
[-0.70241126  1.4095894  -0.42247076]
[-0.24143577  0.61091613  0.15018746]
[-0.43992544  0.05290978  0.00372572]
[ 0.2064659   0.62100541 -0.12498195]
[-0.01585073  0.63758767 -0.06515434]
[0.18053886 0.23574723 0.06221672]
[0.06035953 0.62815986 0.30972684]
[ 0.27582157  0.57059034 -0.1014879 ]
[-0.76993484  0.57650373  0.32785748]
[0.32243019 0.47076488 0.29663577]
[-0.44013718  0.50930498  0.05728822]
[-0.40612947  0.03832565  0.42729963]
[0.30020825 0.82341156 0.12697792]
[-0.21067835  1.39045907 -0.0686863 ]
[-0.75343868  0.7384595   0.38061973]
[-0.03751833  0.47433768  0.35348593]
[-0.10582548  0.51399667  0.13112351]
[0.37345524 0.40257356 0.14741411]
[-0.65616733  1.1196371   0.25238406]
[-0.07584174  0.75546258  0.3464884 ]
[0.02492155 0.41714099 0.62386422]
[-0.42297702  0.54976372  0.04804885]
[0.27961077 0.47317077 0.11727543]
[-0.7482247   0.48998768  0.06391082]
[-0.66035401  0.7179322   0.32618822]
[-0.75966501  0.51496806  0.06690487]
[0.43413261 0.6405405  0.04253119]
[0.45433124 0.43995794 0.32776437]
[-0.56220125  0.5453824  -0.01460764]
[-0.19591311  0.60464288  0.29927611]
[0.05940277 0.9777095  0.02418762]
[-0.08599539  0.66408141 -0.21124903]
[-0.05029227  0.25842987  0.52865426]
[ 0.14917305  0.35367893 -0.01887898]
[0.23956766 0.72169577 0.28834921]
[-0.11348425  0.34947761 -0.28634111]
[0.02062707 0.66261596 0.58229344]
[-0.05524615  0.80333642 -0.13996683]
[0.04018331 0.27090637 0.03381419]
[0.21116855 0.2198757  0.21208993]
[0.07081207 0.64524739 0.14199361]
[-0.66920527  0.74877644  0.45866323]
[ 0.03505505  0.56056916 -0.2515493 ]
[-0.36272875  0.76399638 -0.01819305]
[-0.78574117  0.92742233  0.0461624 ]
[ 0.08126717  0.5522453  -0.21627804]
[-0.31878505  0.30362572  0.19179371]
[-0.46243104  0.44208155  0.1359546 ]
[-0.74899761  0.51098447 -0.03785804]
[-0.13687334  0.62361884  0.44302186]
[-0.25550152  0.54702441  0.58592749]
[0.20559914 0.90619903 0.31334846]
[-0.67336181  0.52655702  0.28198954]
[-0.03726413  0.22827116  0.37476093]
[-0.34906517  0.56341786  0.21862461]
[-0.54833359  0.14355352  0.16876641]
[-0.27274428  0.06154641  0.46750298]
[-0.31186247  0.15803899  0.22460759]
[-0.13143266  0.61056825  0.08040164]
[-0.66898534  0.50044204  0.01153872]
[0.29349348 0.39393903 0.12922679]
[-0.24178587  0.37690607  0.00732694]
[0.435904   0.46412773 0.39283674]
[-0.68756029  0.68119667  0.45836811]
[-0.41139873  0.32418443 -0.02227699]
[-0.06830152  0.54361857  0.51997892]
[-0.77091364  0.78944913  0.02456442]
[-0.82389338  0.49402395  0.18061541]
[0.44862694 0.61754925 0.2957649 ]
[ 0.00461297  0.08333917 -0.16410799]
[-0.66284446  1.32906527 -0.32512725]
[0.21041643 0.65820834 0.53339836]
[-0.41288624  0.07142166  0.04653327]
[-0.4511316   0.15832966  0.51636479]
[-0.11609089  0.08213814  0.19660435]
[-0.49723432  1.09567195  0.23012691]
[ 0.16678867  0.69498189 -0.06574545]
[ 0.09966037  0.53553831 -0.00567502]
[ 0.20739222  0.491399   -0.1560298 ]
[-0.11624018  0.66761376  0.44648208]
[0.03859346 0.83892725 0.48913034]
[-0.02489935  0.62739026  0.46024033]
[0.19135167 0.83413023 0.25584586]
[-0.20017967  0.32177232  0.48878468]
[ 0.03018258  0.43580538 -0.10306348]
[ 0.17783063  0.83298954 -0.04058304]
[-0.82747823  1.13217649  0.14558433]
[-0.59952869  0.98348588  0.48347682]
[ 0.28318617  0.29982897 -0.02665497]
[-0.48916431  0.56040624  0.53704782]
[-0.37291398  0.14669767  0.12499897]
[-0.11110136  0.75822025  0.07930876]
[-0.62944213  0.97348065  0.6052489 ]
[-0.18242091  0.82873324  0.23799359]
[-0.56749885  0.05970069 -0.02610484]
[-0.36669821  0.39675592 -0.06345318]
[-0.74039544  1.31830003  0.32081986]
[-0.26715015  0.80365155 -0.11567307]
[-0.01641881  0.48587574 -0.1572975 ]
[ 0.27127852  0.30123853 -0.08791142]
[-0.03816918  0.94789256  0.04314491]
[-0.05537479  0.48769758 -0.18261438]
[-0.13910434  0.5178316   0.56240636]
[-0.17416682  0.42642288  0.26725291]
[-0.27213731  0.37626443  0.1951517 ]
[-0.06485182  0.69837957  0.25515067]
[0.00311576 0.78964593 0.13619455]
[-0.63075086  1.25999977 -0.06669494]
[-0.13436062  0.65571143 -0.11186442]
[-0.71542478  0.56005712  0.09129077]
[0.01287406 0.63992318 0.5510886 ]
[0.02187966 0.95284955 0.01171898]
[-0.36706664  0.58263862 -0.045533  ]
[0.20758829 0.63393771 0.52065169]
[-0.21859842  0.36114939  0.07892677]
[-0.27245765  0.37109619  0.22811994]
[0.13489327 1.00618223 0.16558934]
[-0.27844376  0.68888833 -0.04537052]
[-0.32007212  0.31230704  0.04927228]
[ 0.26200335  0.53216589 -0.09215278]
[-0.1989061   0.36251041 -0.09241404]
[-0.20617332  0.42722081  0.48746622]
[-0.85994379  1.12506731  0.24559615]
[0.0024965  0.73598803 0.48140994]
[-0.08180441  0.53950235 -0.03300043]
[-0.13287486  0.25214134  0.52970047]
[-0.31399519  0.5359227   0.39081981]
[-0.62924017  0.47974914  0.13954128]
[0.40390521 0.69060728 0.26474383]
[ 0.33895156  0.60503406 -0.00327295]
[-0.48646892  0.38981499 -0.0429517 ]
[-0.14196838  1.50295795 -0.16259599]
[-0.50929882  0.94451503  0.14871029]
[-0.16002666  0.42320616  0.45763738]
[0.13005555 0.65640337 0.36449446]
[-0.68311515  1.38067489 -0.4508294 ]
[0.1655713  0.74848709 0.33314181]
[-0.06049254  0.72594644  0.44192598]
[0.02849231 0.97754484 0.3021576 ]
[-0.57240497  0.36674911  0.16071495]
[0.0309172  0.97737867 0.33979886]
[0.51408012 0.26372819 0.12664547]
[-0.75317679  0.41566273  0.230483  ]
[-0.29845756  0.14443552  0.53620168]
[ 0.20908644  0.85058424 -0.04401425]
[0.37581682 0.36489109 0.10979722]
[-0.17256278  0.63024114 -0.27772074]
[0.20478565 0.63496452 0.20328909]
[0.02340248 0.40294597 0.44989422]
[-0.04724314  0.3002893   0.52392837]
[-0.07067609  0.11703997  0.21599269]
[-0.17805829  0.71529105  0.05251722]
[-0.11461374  0.18971137  0.0830546 ]
[-0.31761663  0.75913743  0.32426172]
[0.23610074 0.42625789 0.37514894]
[0.05926088 0.14314649 0.23356194]
[-0.6396151   1.13271456  0.4355638 ]
[-0.35186621  0.87043833  0.26265313]
[0.10645641 1.01379232 0.13297457]
[-0.0883465   0.0673662  -0.16632964]
[0.40927462 0.45888983 0.26512209]
[-0.10393671  0.40777843  0.49753898]
[ 0.09946529  0.16993493 -0.15889687]
[-0.02794211  0.38336906 -0.24921061]
[0.57460985 0.3649746  0.21669136]
[0.00616348 0.71788021 0.33363346]
[-0.41967788  0.66972512  0.31271462]
[-0.0097153   0.17185733  0.03217758]
[-0.54073459  0.33993489  0.38508331]
[-0.54332303  0.18336557  0.21176448]
[0.45954888 0.41062983 0.02973174]
[-0.16821312  0.50009994  0.13256256]
[-0.7665846   1.21345108  0.1759805 ]
[0.30737275 0.2834054  0.28536327]
[0.25170852 0.42479573 0.354274  ]
[-0.06751822  0.40782366  0.60951963]
[-0.01809253  0.79115306 -0.01770968]
[-0.25978366  0.4482475  -0.0283113 ]
[-0.70424281  0.78119261  0.15898399]
[-0.23147852  0.82262928 -0.06750283]
[-0.13366345  0.4122429  -0.10459108]
[-0.3072963   0.78664726 -0.04315674]
[-0.56342138  0.84633515 -0.06532023]
[-0.27265672  0.79681189  0.4460737 ]
[-0.38927995  0.11237121  0.30123166]
[0.00370696 0.16159781 0.40012624]
[-0.63047348  1.21329358  0.45012544]
[0.21932091 0.56998619 0.34589321]
[-0.18631793  0.20233084  0.30103634]
[-0.36533224  1.41025885  0.10040008]
[-0.40850902  0.39317912  0.41291986]
[-0.47141914  0.87494415  0.19728477]
[-0.09186323  0.83708033  0.02293162]
[-0.00219259  0.77440835  0.36871789]
[0.05442615 0.53701885 0.04524026]
[0.5062128  0.26262461 0.29587361]
[0.20979116 0.5807294  0.53445567]
[-0.44045917  0.64541782 -0.05937096]
[ 0.42417283  0.57326172 -0.06445879]
[0.00515896 0.19359291 0.09325937]
[0.14136743 0.65193244 0.55044478]
[0.02715117 1.00456555 0.16897522]
[-0.56621911  0.52332688  0.16653497]
[-0.00750105  0.74983963  0.20049642]
[-0.62110836  1.38368906 -0.20475995]
[0.25176254 0.34140302 0.50160529]
[-0.04453049  0.17065766 -0.12109246]
[-0.26261504  0.16125692  0.22019977]
[-0.71140915  1.30803016  0.19840492]
[0.18551948 0.29102636 0.22693282]
[ 0.11492625  0.4602415  -0.23960151]
[-0.60894916  0.06378935  0.35120406]
[-0.32582275  0.8560984   0.13436851]
[-0.55160437  0.81731554 -0.03394882]
[-0.83905243  1.18495144  0.31396492]
[-0.07355619  0.13790781  0.40512329]
[-0.06519113  0.87918456  0.44546342]
[-0.19504965  0.78783377 -0.05524783]
[ 0.13022247  0.32566916 -0.10451975]
[0.07822602 0.91258777 0.00614348]
[-0.04309137  0.44845264  0.01211131]
[-0.69892212  1.29542919 -0.09525244]
[-0.11249701  0.63653012  0.54544599]
[-0.24766413  0.6566913   0.09799769]
[0.38796462 0.23296534 0.00513307]
[-0.44383889  0.55886848  0.09144173]
[-0.2996334   0.17106705  0.50201378]
[-0.60435519  0.61295412  0.04304281]
[-0.478469    0.76387982 -0.01310598]
[-0.38152548  0.66179802  0.19941759]
[ 0.4048393   0.34982988 -0.00657303]
[-0.60709611  1.15961406  0.21328304]
[0.06758013 0.23274675 0.12175327]
[-0.63362252  1.01879775  0.14432409]
[0.14025982 0.46410809 0.45855789]
[0.01880121 0.13804531 0.04499951]
[-0.4149809   1.33968742  0.01245943]
[-0.34872132  0.59777073  0.1730113 ]
[-0.31032215  0.92655373  0.09856246]
[-0.17234905  0.46047681  0.1941968 ]
[ 0.09341168  0.06820878 -0.11688374]
[-0.06297767  0.57245512  0.01415571]
[-0.3804294   0.84402049 -0.01575279]
[-0.38528874  0.89671525  0.36978229]
[0.31433802 0.13274931 0.28296816]
[-0.64671003  0.81972543  0.2227919 ]
[-0.48057367  0.76934117 -0.03284263]
[-0.60518637  0.7190755   0.45270403]
[0.10568408 0.37191836 0.48408828]
[-0.2098999   0.08240185  0.39728164]
[-0.81472853  0.66316032  0.3636059 ]
[-0.49647636  0.91908966  0.29518653]
[-0.91154011  1.05185084  0.47015435]
[-0.38848924  0.54422011  0.44722648]
[-0.25672126  0.79704746  0.01428098]
[0.1849725  0.79247113 0.11132864]
[-0.67754029  0.82466336  0.39455301]
[-0.04146022  0.13622564  0.20081352]
[-0.8285011   0.4557788   0.28182405]
[-0.24148426  0.53631733 -0.07262926]
[-0.1234503   0.65166958 -0.08422822]
[0.08686432 0.35603235 0.40431838]
[0.28348153 0.53495837 0.33540237]
[-0.09883433  0.96657237  0.03031119]
[-0.18785898  0.32581549  0.48029643]
[-0.62985256  1.28170532  0.00812792]
[-0.84748976  0.53548492  0.24017223]
[ 0.11371319  0.39327866 -0.23889877]
[0.30088269 0.61988243 0.47492658]
[-0.67702006  1.17680985  0.49074118]
[-1.73732581e-04  2.22857105e-01  2.17511288e-01]
[ 0.01442682  0.22495288 -0.12754379]
[-0.09759262  0.61536538 -0.2259322 ]
[0.10173293 0.75607871 0.41988598]
[0.29211363 0.61600486 0.55400689]
[-0.04292062  0.74852346 -0.08702873]
[0.00425369 0.25609198 0.06300532]
[-0.57305621  0.72894656  0.10742938]
[-0.50470955  0.69971276  0.06033668]
[-0.3522255   0.51347085  0.45253114]
